4 0.432031 0.627344 0.651563 0.235937
4 0.407813 0.369531 0.675000 0.204687
0 0.260937 0.839844 0.200000 0.098437
0 0.288281 0.607812 0.104688 0.068750
0 0.807813 0.209375 0.190625 0.062500
4 0.582031 0.479687 0.110937 0.059375
0 0.949219 0.223438 0.098437 0.056250
0 0.447656 0.275000 0.173437 0.056250
0 0.707812 0.214844 0.103125 0.051562
0 0.048438 0.292969 0.096875 0.051562
0 0.517969 0.219531 0.157812 0.051562
0 0.400781 0.219531 0.110937 0.048438
0 0.623437 0.255469 0.184375 0.048438
0 0.360156 0.263281 0.117188 0.042188
0 0.958594 0.247656 0.079687 0.042188
0 0.557813 0.189062 0.146875 0.040625
0 0.871094 0.119531 0.129688 0.039062
0 0.329688 0.350000 0.153125 0.037500
0 0.616406 0.335156 0.120313 0.070312
