1 0.730469 0.240625 0.217188 0.125000
1 0.654687 0.360156 0.196875 0.092188
1 0.797656 0.606250 0.123438 0.078125
1 0.960938 0.750781 0.075000 0.070312
1 0.450781 0.701562 0.126562 0.065625
1 0.804688 0.968750 0.181250 0.059375
1 0.127344 0.776563 0.060937 0.056250
1 0.350000 0.467969 0.121875 0.054688
1 0.496094 0.373437 0.095312 0.050000
1 0.546094 0.717187 0.079687 0.043750
1 0.227344 0.020313 0.198437 0.040625
1 0.117969 0.496875 0.073438 0.040625
1 0.884375 0.836719 0.075000 0.039062
1 0.034375 0.400781 0.043750 0.035937
1 0.982812 0.645312 0.031250 0.031250
1 0.703125 0.464062 0.090625 0.031250
1 0.797656 0.367969 0.051562 0.029687
1 0.811719 0.771875 0.054688 0.028125
1 0.274219 0.617969 0.073438 0.023438
1 0.317969 0.942187 0.101562 0.059375
