4 0.653125 0.575000 0.187500 0.131250
4 0.484375 0.531250 0.200000 0.081250
0 0.800781 0.200781 0.192188 0.079687
0 0.055469 0.214844 0.110937 0.076563
0 0.635156 0.226562 0.170313 0.068750
0 0.901563 0.339062 0.193750 0.065625
0 0.937500 0.285156 0.121875 0.057813
0 0.489844 0.320312 0.176563 0.053125
0 0.328906 0.305469 0.160938 0.054688
0 0.725000 0.310937 0.175000 0.053125
0 0.182031 0.290625 0.129688 0.050000
0 0.039062 0.270313 0.078125 0.043750
4 0.189844 0.397656 0.239063 0.042188
0 0.140625 0.308594 0.118750 0.039062
0 0.253125 0.228125 0.118750 0.037500
0 0.676562 0.271094 0.159375 0.032813
0 0.315625 0.760156 0.162500 0.085938
