4 0.499219 0.467969 0.151562 0.148438
0 0.721875 0.060937 0.425000 0.121875
0 0.898438 0.204687 0.115625 0.084375
4 0.816406 0.475000 0.092188 0.053125
0 0.700781 0.708594 0.082812 0.051562
0 0.871875 0.414844 0.025000 0.042188
0 0.932031 0.540625 0.045312 0.040625
4 0.628906 0.601562 0.085938 0.040625
0 0.438281 0.270313 0.048438 0.037500
4 0.482812 0.683594 0.053125 0.035937
0 0.935937 0.445312 0.075000 0.034375
6 0.934375 0.773438 0.112500 0.034375
0 0.399219 0.575000 0.085938 0.031250
0 0.767188 0.427344 0.090625 0.029687
0 0.655469 0.411719 0.089063 0.029687
0 0.380469 0.436719 0.085938 0.029687
0 0.468750 0.525000 0.062500 0.028125
0 0.332813 0.467187 0.087500 0.028125
0 0.593750 0.446875 0.087500 0.025000
0 0.710938 0.476562 0.084375 0.025000
0 0.801562 0.415625 0.084375 0.025000
0 0.714063 0.459375 0.046875 0.025000
0 0.325000 0.435937 0.081250 0.025000
0 0.533594 0.429688 0.067187 0.025000
0 0.300000 0.535156 0.031250 0.023438
0 0.300781 0.550781 0.014063 0.014063
0 0.339062 0.555469 0.028125 0.010937
0 0.319531 0.578906 0.014063 0.010937
0 0.253125 0.557813 0.021875 0.009375
0 0.329688 0.565625 0.015625 0.009375
