0 0.476562 0.194531 0.953125 0.389062
0 0.864062 0.239844 0.268750 0.226562
0 0.816406 0.476562 0.364063 0.225000
4 0.307812 0.504687 0.615625 0.203125
0 0.728906 0.742188 0.364063 0.128125
0 0.639844 0.587500 0.292187 0.100000
0 0.071094 0.503125 0.142187 0.081250
0 0.188281 0.846875 0.195312 0.078125
0 0.188281 0.582031 0.079687 0.067187
4 0.384375 0.826562 0.100000 0.065625
0 0.172656 0.641406 0.101562 0.064062
0 0.353125 0.643750 0.131250 0.056250
0 0.796875 0.636719 0.087500 0.048438
0 0.961719 0.948438 0.073438 0.043750
0 0.471875 0.653906 0.084375 0.042188
0 0.676562 0.649219 0.068750 0.042188
0 0.409375 0.696094 0.037500 0.042188
0 0.554688 0.672656 0.071875 0.039062
0 0.390625 0.658594 0.103125 0.035937
0 0.962500 0.713281 0.065625 0.029687
0 0.564844 0.653906 0.082812 0.023438
