1 0.699219 0.231250 0.117188 0.103125
1 0.594531 0.737500 0.079687 0.100000
1 0.757812 0.709375 0.137500 0.096875
1 0.486719 0.847656 0.135937 0.092188
1 0.300781 0.628125 0.126562 0.068750
1 0.757812 0.533594 0.112500 0.067187
1 0.357812 0.822656 0.112500 0.064062
1 0.581250 0.487500 0.128125 0.062500
1 0.624219 0.455469 0.129688 0.064062
1 0.664062 0.533594 0.109375 0.064062
1 0.836719 0.511719 0.114062 0.060937
1 0.742188 0.836719 0.125000 0.060937
1 0.948438 0.866406 0.100000 0.057813
1 0.431250 0.442969 0.150000 0.057813
1 0.956250 0.539062 0.084375 0.053125
