0 0.150781 0.092188 0.301563 0.175000
0 0.247656 0.214844 0.189062 0.126562
4 0.340625 0.456250 0.346875 0.106250
0 0.389062 0.212500 0.128125 0.100000
0 0.342969 0.859375 0.307812 0.100000
0 0.461719 0.310156 0.048438 0.095312
0 0.354687 0.300000 0.037500 0.087500
4 0.678125 0.755469 0.143750 0.082812
4 0.626563 0.617188 0.243750 0.081250
4 0.525781 0.522656 0.242188 0.079687
0 0.025781 0.273438 0.051562 0.075000
0 0.471875 0.818750 0.215625 0.075000
0 0.457031 0.407813 0.095312 0.065625
0 0.395313 0.381250 0.068750 0.059375
0 0.181250 0.460156 0.093750 0.057813
0 0.565625 0.381250 0.093750 0.050000
0 0.304688 0.380469 0.175000 0.048438
0 0.445312 0.377344 0.050000 0.048438
0 0.051562 0.471875 0.103125 0.037500
0 0.330469 0.426563 0.060937 0.031250
0 0.285156 0.414844 0.070312 0.029687
0 0.282813 0.440625 0.065625 0.028125
0 0.248438 0.460156 0.059375 0.026562
0 0.218750 0.483594 0.053125 0.026562
0 0.142187 0.457813 0.081250 0.037500
