1 0.686719 0.284375 0.098437 0.065625
1 0.601562 0.342969 0.100000 0.054688
1 0.284375 0.303906 0.112500 0.048438
1 0.304688 0.684375 0.084375 0.046875
1 0.346875 0.366406 0.121875 0.045312
1 0.837500 0.460156 0.081250 0.045312
1 0.474219 0.096094 0.104688 0.045312
1 0.062500 0.181250 0.118750 0.043750
1 0.878906 0.319531 0.085938 0.042188
1 0.382031 0.298438 0.067187 0.043750
1 0.153125 0.656250 0.068750 0.043750
1 0.190625 0.803906 0.090625 0.042188
1 0.887500 0.603906 0.096875 0.039062
1 0.887500 0.554688 0.093750 0.037500
1 0.720313 0.957031 0.056250 0.035937
1 0.539062 0.867969 0.062500 0.035937
1 0.626563 0.221875 0.081250 0.034375
1 0.053906 0.721875 0.035937 0.034375
1 0.098437 0.760938 0.043750 0.034375
1 0.011719 0.214844 0.023438 0.032813
1 0.067969 0.310156 0.070312 0.032813
1 0.602344 0.511719 0.073438 0.029687
1 0.428906 0.428906 0.079687 0.029687
1 0.434375 0.985156 0.087500 0.026562
1 0.929688 0.406250 0.106250 0.025000
1 0.547656 0.007031 0.079687 0.014063
