0 0.751563 0.232813 0.031250 0.071875
0 0.781250 0.182812 0.025000 0.053125
0 0.391406 0.526563 0.023438 0.050000
0 0.217188 0.510156 0.037500 0.073438
0 0.176563 0.646875 0.034375 0.071875
0 0.110156 0.368750 0.029687 0.034375
0 0.014844 0.463281 0.029687 0.189062
0 0.734375 0.882812 0.043750 0.162500
0 0.795312 0.955469 0.028125 0.079687
0 0.686719 0.140625 0.020313 0.065625
0 0.650781 0.135937 0.020313 0.059375
0 0.479687 0.549219 0.025000 0.057813
0 0.700000 0.442969 0.021875 0.070312
0 0.694531 0.053906 0.023438 0.048438
0 0.789062 0.405469 0.018750 0.064062
0 0.788281 0.354687 0.029687 0.025000
0 0.764062 0.483594 0.018750 0.045312
0 0.726562 0.525781 0.021875 0.057813
0 0.800781 0.506250 0.023438 0.053125
