1 0.696875 0.688281 0.128125 0.217188
1 0.678125 0.123438 0.071875 0.200000
1 0.766406 0.780469 0.132812 0.185938
1 0.347656 0.756250 0.079687 0.181250
1 0.782031 0.454688 0.126562 0.178125
1 0.289844 0.857031 0.089063 0.176563
1 0.195312 0.507031 0.100000 0.173437
1 0.860156 0.524219 0.107813 0.164062
1 0.641406 0.719531 0.098437 0.160938
1 0.021875 0.664844 0.043750 0.160938
1 0.721875 0.163281 0.062500 0.154688
1 0.481250 0.144531 0.046875 0.154688
1 0.397656 0.415625 0.126562 0.153125
1 0.425000 0.828906 0.071875 0.151562
1 0.433594 0.221094 0.048438 0.151562
1 0.375781 0.508594 0.101562 0.151562
1 0.572656 0.269531 0.114062 0.148438
1 0.577344 0.199219 0.064062 0.145313
1 0.291406 0.498437 0.095312 0.140625
1 0.219531 0.395313 0.070312 0.140625
1 0.153125 0.361719 0.065625 0.139063
1 0.135156 0.671094 0.076563 0.139063
1 0.861719 0.740625 0.104688 0.137500
1 0.503125 0.651563 0.106250 0.137500
1 0.671875 0.892188 0.084375 0.137500
1 0.917188 0.068750 0.146875 0.134375
1 0.601562 0.610938 0.084375 0.131250
1 0.644531 0.421875 0.148438 0.125000
1 0.258594 0.119531 0.092188 0.123438
1 0.220312 0.267188 0.096875 0.121875
1 0.303906 0.692187 0.048438 0.118750
1 0.496875 0.484375 0.078125 0.115625
1 0.378125 0.281250 0.053125 0.115625
1 0.412500 0.055469 0.062500 0.107813
1 0.501563 0.054688 0.053125 0.106250
1 0.311719 0.417187 0.070312 0.106250
1 0.657813 0.946875 0.115625 0.103125
1 0.740625 0.535156 0.075000 0.104688
1 0.103906 0.393750 0.045312 0.106250
1 0.144531 0.795312 0.089063 0.103125
1 0.248438 0.354687 0.040625 0.096875
1 0.575781 0.493750 0.057813 0.090625
1 0.104688 0.323437 0.059375 0.090625
1 0.657813 0.502344 0.081250 0.085938
1 0.228125 0.044531 0.087500 0.085938
1 0.771875 0.186719 0.075000 0.085938
1 0.755469 0.362500 0.060937 0.081250
1 0.652344 0.339062 0.079687 0.081250
1 0.332031 0.620313 0.054688 0.075000
1 0.368750 0.736719 0.093750 0.073438
1 0.438281 0.937500 0.048438 0.071875
1 0.485156 0.389844 0.089063 0.070312
1 0.635938 0.828125 0.103125 0.068750
1 0.328125 0.346875 0.040625 0.065625
1 0.070312 0.661719 0.062500 0.060937
1 0.786719 0.547656 0.029687 0.054688
