0 0.436719 0.409375 0.082812 0.050000
0 0.418750 0.535156 0.068750 0.054688
0 0.467187 0.604688 0.087500 0.059375
0 0.758594 0.664844 0.129688 0.067187
0 0.743750 0.562500 0.109375 0.075000
0 0.726562 0.582812 0.103125 0.078125
0 0.509375 0.726562 0.087500 0.043750
0 0.728125 0.903125 0.128125 0.103125
0 0.115625 0.448437 0.221875 0.165625
0 0.153906 0.347656 0.201563 0.120313
0 0.339062 0.516406 0.059375 0.054688
0 0.360156 0.621875 0.089063 0.059375
0 0.567187 0.507031 0.090625 0.057813
0 0.593750 0.442969 0.075000 0.064062
0 0.952344 0.635938 0.092188 0.071875
0 0.589063 0.600781 0.062500 0.035937
0 0.457813 0.470313 0.075000 0.059375
0 0.687500 0.525781 0.084375 0.042188
0 0.328906 0.600000 0.054688 0.043750
0 0.238281 0.571094 0.101562 0.051562
0 0.321875 0.533594 0.065625 0.048438
0 0.383594 0.414062 0.060937 0.043750
0 0.135937 0.260937 0.040625 0.075000
0 0.353125 0.317188 0.178125 0.087500
0 0.685937 0.353125 0.031250 0.037500
0 0.242188 0.469531 0.075000 0.032813
0 0.867188 0.813281 0.034375 0.082812
0 0.828125 0.834375 0.034375 0.078125
0 0.783594 0.943750 0.082812 0.056250
0 0.263281 0.370312 0.051562 0.050000
0 0.222656 0.385156 0.067187 0.035937
0 0.928906 0.660156 0.045312 0.051562
0 0.964844 0.750000 0.039062 0.056250
0 0.531250 0.462500 0.025000 0.028125
0 0.570312 0.494531 0.050000 0.035937
0 0.684375 0.507812 0.087500 0.103125
0 0.274219 0.638281 0.060937 0.045312
0 0.485156 0.261719 0.032813 0.035937
0 0.457813 0.266406 0.031250 0.023438
0 0.450781 0.295312 0.035937 0.037500
