0 0.585156 0.108594 0.260937 0.135937
0 0.740625 0.153906 0.168750 0.132812
0 0.799219 0.228125 0.160938 0.121875
0 0.157031 0.347656 0.314063 0.104688
0 0.856250 0.046094 0.150000 0.092188
4 0.507031 0.523438 0.185938 0.087500
0 0.894531 0.215625 0.139063 0.078125
0 0.650000 0.283594 0.140625 0.076563
4 0.282813 0.500781 0.246875 0.070312
0 0.803125 0.221094 0.153125 0.060937
0 0.407813 0.367969 0.225000 0.057813
0 0.978906 0.235156 0.039062 0.057813
0 0.175781 0.240625 0.179688 0.056250
0 0.457813 0.268750 0.171875 0.053125
0 0.396094 0.289062 0.167187 0.050000
0 0.106250 0.303906 0.212500 0.042188
0 0.625781 0.299219 0.204687 0.042188
0 0.126562 0.257031 0.150000 0.039062
4 0.107031 0.546094 0.210938 0.070312
