4 0.308594 0.589063 0.617188 0.468750
0 0.262500 0.327344 0.156250 0.092188
0 0.682031 0.871094 0.239063 0.076563
0 0.125781 0.914062 0.210938 0.068750
4 0.431250 0.661719 0.137500 0.060937
0 0.746875 0.467187 0.206250 0.059375
0 0.057031 0.377344 0.107813 0.057813
0 0.582031 0.579688 0.054688 0.043750
4 0.464844 0.729688 0.139063 0.043750
0 0.903906 0.685937 0.114062 0.037500
0 0.858594 0.498437 0.045312 0.034375
0 0.614062 0.568750 0.100000 0.034375
0 0.781250 0.587500 0.118750 0.031250
0 0.822656 0.562500 0.114062 0.031250
0 0.706250 0.535937 0.100000 0.031250
0 0.514844 0.563281 0.076563 0.029687
0 0.739062 0.534375 0.068750 0.028125
0 0.612500 0.521875 0.068750 0.028125
0 0.921094 0.546094 0.051562 0.026562
0 0.472656 0.543750 0.107813 0.025000
0 0.874219 0.544531 0.057813 0.023438
0 0.747656 0.506250 0.042188 0.025000
0 0.587500 0.504687 0.059375 0.021875
