2 0.476562 0.535937 0.109375 0.096875
2 0.353125 0.459375 0.056250 0.078125
2 0.179688 0.460938 0.071875 0.071875
2 0.421875 0.462500 0.037500 0.068750
2 0.613281 0.429688 0.035937 0.056250
2 0.737500 0.437500 0.043750 0.053125
2 0.943750 0.435156 0.031250 0.051562
2 0.580469 0.428125 0.035937 0.043750
2 0.709375 0.403125 0.037500 0.043750
2 0.905469 0.425781 0.035937 0.042188
2 0.154688 0.430469 0.037500 0.042188
2 0.131250 0.438281 0.018750 0.039062
2 0.764062 0.426563 0.028125 0.037500
2 0.670312 0.428906 0.031250 0.032813
2 0.864062 0.425000 0.018750 0.031250
2 0.308594 0.427344 0.023438 0.026562
2 0.437500 0.422656 0.037500 0.035937
