4 0.455469 0.132031 0.292187 0.114062
4 0.911719 0.096875 0.157812 0.084375
6 0.281250 0.456250 0.218750 0.081250
0 0.271094 0.036719 0.292187 0.073438
6 0.645312 0.598437 0.162500 0.059375
0 0.257031 0.342187 0.145313 0.050000
0 0.810156 0.022656 0.107813 0.045312
0 0.684375 0.030469 0.081250 0.045312
0 0.521875 0.431250 0.200000 0.043750
0 0.850000 0.316406 0.150000 0.042188
0 0.521094 0.046094 0.076563 0.039062
0 0.603125 0.082031 0.087500 0.039062
0 0.208594 0.107813 0.110937 0.037500
0 0.038281 0.227344 0.051562 0.035937
4 0.203906 0.170313 0.073438 0.034375
0 0.109375 0.107813 0.090625 0.034375
0 0.033594 0.105469 0.067187 0.032813
0 0.432031 0.200781 0.035937 0.032813
0 0.071094 0.135937 0.101562 0.031250
0 0.439063 0.054688 0.050000 0.031250
4 0.658594 0.355469 0.145313 0.029687
0 0.156250 0.140625 0.081250 0.028125
0 0.269531 0.146094 0.067187 0.026562
0 0.930469 0.013281 0.085938 0.026562
6 0.821875 0.415625 0.115625 0.025000
6 0.434375 0.357031 0.078125 0.020313
0 0.107813 0.227344 0.050000 0.020313
0 0.010937 0.235937 0.021875 0.018750
