0 0.856250 0.114844 0.228125 0.226562
0 0.289844 0.076563 0.276562 0.153125
0 0.479687 0.064062 0.100000 0.128125
4 0.630469 0.526563 0.151562 0.115625
0 0.442969 0.278906 0.089063 0.101562
4 0.148438 0.525781 0.112500 0.082812
4 0.515625 0.657031 0.128125 0.082812
0 0.115625 0.459375 0.084375 0.075000
0 0.286719 0.392188 0.057813 0.075000
0 0.227344 0.442969 0.082812 0.067187
0 0.682813 0.365625 0.159375 0.065625
0 0.025000 0.581250 0.050000 0.065625
0 0.338281 0.320312 0.129688 0.065625
0 0.323437 0.449219 0.059375 0.064062
0 0.219531 0.383594 0.126562 0.051562
0 0.021875 0.619531 0.043750 0.048438
0 0.068750 0.417187 0.137500 0.050000
0 0.546875 0.278125 0.093750 0.050000
0 0.056250 0.453906 0.112500 0.048438
0 0.507031 0.311719 0.079687 0.048438
0 0.319531 0.385156 0.064062 0.042188
0 0.562500 0.370312 0.118750 0.078125
