4 0.097656 0.416406 0.195312 0.085938
0 0.913281 0.339844 0.170313 0.082812
4 0.153906 0.597656 0.260937 0.076563
0 0.820312 0.883594 0.078125 0.073438
4 0.839844 0.609375 0.185938 0.071875
0 0.714844 0.389844 0.170313 0.051562
0 0.647656 0.370312 0.179688 0.050000
0 0.510156 0.490625 0.107813 0.046875
0 0.660937 0.550781 0.178125 0.045312
0 0.936719 0.463281 0.123438 0.045312
0 0.577344 0.425000 0.151562 0.043750
0 0.603906 0.482812 0.135937 0.043750
0 0.754687 0.433594 0.128125 0.035937
0 0.824219 0.453906 0.110937 0.035937
0 0.514844 0.442969 0.079687 0.035937
0 0.983594 0.412500 0.029687 0.031250
4 0.313281 0.690625 0.285938 0.109375
