0 0.896875 0.131250 0.146875 0.190625
4 0.472656 0.590625 0.435937 0.153125
4 0.317188 0.940625 0.378125 0.115625
0 0.183594 0.358594 0.176563 0.101562
0 0.357812 0.422656 0.165625 0.076563
0 0.946875 0.358594 0.103125 0.076563
0 0.085938 0.380469 0.171875 0.067187
0 0.765625 0.463281 0.196875 0.064062
0 0.941406 0.461719 0.114062 0.060937
0 0.057031 0.476562 0.114062 0.059375
0 0.187500 0.425000 0.181250 0.056250
0 0.603906 0.454688 0.139063 0.046875
0 0.595313 0.414062 0.143750 0.046875
0 0.707812 0.390625 0.134375 0.037500
