0 0.478125 0.518750 0.484375 0.331250
0 0.395313 0.104688 0.209375 0.209375
0 0.871875 0.716406 0.168750 0.185938
0 0.821875 0.565625 0.134375 0.143750
0 0.925000 0.541406 0.093750 0.123438
0 0.920312 0.437500 0.156250 0.112500
0 0.948438 0.794531 0.100000 0.076563
0 0.788281 0.916406 0.070312 0.064062
0 0.875781 0.871875 0.098437 0.062500
0 0.285156 0.847656 0.076563 0.051562
0 0.743750 0.786719 0.075000 0.051562
0 0.678125 0.778906 0.050000 0.051562
0 0.483594 0.915625 0.145313 0.050000
0 0.402344 0.844531 0.092188 0.045312
0 0.638281 0.860938 0.079687 0.043750
0 0.157812 0.906250 0.115625 0.043750
0 0.035937 0.925000 0.071875 0.043750
0 0.550781 0.818750 0.095312 0.043750
0 0.768750 0.743750 0.050000 0.040625
0 0.514062 0.867969 0.071875 0.039062
0 0.204687 0.863281 0.084375 0.035937
0 0.603125 0.800781 0.075000 0.029687
0 0.697656 0.851562 0.045312 0.084375
