4 0.094531 0.427344 0.151562 0.120313
0 0.605469 0.048438 0.067187 0.096875
0 0.064844 0.068750 0.129688 0.090625
4 0.074219 0.148438 0.148438 0.068750
4 0.117969 0.253906 0.164062 0.064062
0 0.079687 0.028125 0.159375 0.056250
0 0.221875 0.175781 0.084375 0.048438
0 0.446094 0.610156 0.164062 0.045312
4 0.937500 0.467969 0.121875 0.045312
0 0.519531 0.307812 0.092188 0.040625
0 0.648438 0.239844 0.059375 0.039062
0 0.338281 0.212500 0.095312 0.037500
0 0.323437 0.254688 0.081250 0.034375
0 0.746094 0.266406 0.064062 0.032813
0 0.572656 0.285938 0.095312 0.034375
0 0.873437 0.237500 0.071875 0.031250
0 0.913281 0.296875 0.064062 0.031250
0 0.424219 0.253906 0.092188 0.032813
6 0.616406 0.573438 0.079687 0.031250
0 0.732812 0.262500 0.062500 0.031250
0 0.779687 0.271875 0.059375 0.028125
0 0.657031 0.538281 0.092188 0.026562
0 0.748437 0.302344 0.065625 0.026562
0 0.565625 0.532813 0.062500 0.025000
0 0.968750 0.267188 0.059375 0.025000
0 0.853125 0.286719 0.056250 0.023438
0 0.868750 0.264062 0.065625 0.021875
0 0.732031 0.040625 0.145313 0.081250
