0 0.283594 0.103125 0.095312 0.200000
4 0.644531 0.524219 0.245312 0.135937
0 0.446875 0.206250 0.159375 0.134375
0 0.156250 0.296875 0.075000 0.075000
4 0.280469 0.603906 0.117188 0.070312
0 0.237500 0.390625 0.134375 0.065625
4 0.067969 0.687500 0.120313 0.065625
0 0.039844 0.392969 0.054688 0.064062
0 0.322656 0.355469 0.160938 0.054688
0 0.046875 0.324219 0.093750 0.051562
0 0.088281 0.435937 0.054688 0.050000
0 0.090625 0.367188 0.075000 0.040625
0 0.225000 0.279687 0.065625 0.034375
0 0.193750 0.308594 0.068750 0.032813
0 0.147656 0.080469 0.117188 0.160938
