2 0.622656 0.454688 0.339062 0.134375
2 0.034375 0.235156 0.068750 0.126562
2 0.117188 0.132812 0.096875 0.090625
2 0.821094 0.171094 0.073438 0.085938
2 0.512500 0.133594 0.053125 0.070312
2 0.025781 0.137500 0.048438 0.068750
2 0.212500 0.135937 0.050000 0.056250
2 0.454688 0.142969 0.043750 0.057813
2 0.871094 0.154688 0.060937 0.056250
2 0.341406 0.098437 0.026562 0.046875
2 0.370312 0.110156 0.034375 0.045312
2 0.464844 0.070312 0.039062 0.040625
2 0.303125 0.150000 0.065625 0.034375
2 0.632031 0.140625 0.029687 0.021875
