4 0.475000 0.559375 0.512500 0.168750
0 0.766406 0.682813 0.117188 0.071875
0 0.652344 0.642188 0.214062 0.071875
0 0.542188 0.318750 0.165625 0.062500
0 0.424219 0.400000 0.148438 0.059375
0 0.742969 0.583594 0.135937 0.057813
0 0.211719 0.391406 0.179688 0.057813
0 0.764062 0.644531 0.103125 0.057813
0 0.765625 0.318750 0.159375 0.056250
4 0.782031 0.405469 0.198437 0.054688
0 0.531250 0.416406 0.128125 0.054688
0 0.547656 0.197656 0.157812 0.048438
0 0.604688 0.430469 0.100000 0.048438
0 0.385937 0.339062 0.137500 0.046875
0 0.757812 0.167187 0.115625 0.046875
0 0.067969 0.815625 0.107813 0.078125
