0 0.721875 0.151562 0.159375 0.212500
0 0.771875 0.301563 0.162500 0.125000
0 0.838281 0.200000 0.182812 0.125000
0 0.887500 0.100781 0.221875 0.114062
4 0.897656 0.439063 0.201563 0.109375
4 0.507812 0.637500 0.256250 0.100000
0 0.816406 0.860156 0.217188 0.098437
0 0.562500 0.312500 0.059375 0.087500
0 0.959375 0.175781 0.078125 0.085938
4 0.587500 0.536719 0.178125 0.082812
0 0.525781 0.351562 0.079687 0.081250
0 0.708594 0.320312 0.173437 0.081250
4 0.406250 0.703906 0.125000 0.076563
0 0.405469 0.765625 0.070312 0.075000
4 0.439844 0.496094 0.160938 0.064062
0 0.735156 0.427344 0.064062 0.057813
0 0.796094 0.412500 0.095312 0.053125
0 0.786719 0.427344 0.079687 0.045312
0 0.630469 0.377344 0.067187 0.042188
0 0.564063 0.402344 0.096875 0.042188
0 0.671094 0.421875 0.092188 0.040625
0 0.697656 0.398438 0.051562 0.031250
