0 0.617969 0.200000 0.467187 0.346875
0 0.411719 0.575000 0.226562 0.234375
0 0.162500 0.749219 0.237500 0.192188
0 0.296875 0.393750 0.131250 0.190625
0 0.906250 0.660156 0.046875 0.073438
0 0.605469 0.632031 0.054688 0.064062
0 0.724219 0.617969 0.070312 0.064062
0 0.966406 0.734375 0.064062 0.053125
0 0.528125 0.663281 0.068750 0.051562
0 0.693750 0.680469 0.087500 0.051562
0 0.834375 0.670312 0.084375 0.037500
0 0.676562 0.610938 0.056250 0.037500
0 0.906250 0.680469 0.100000 0.035937
0 0.956250 0.735938 0.084375 0.034375
