4 0.412500 0.528125 0.259375 0.137500
0 0.921875 0.325781 0.153125 0.126562
4 0.264844 0.937500 0.251563 0.121875
6 0.689063 0.430469 0.059375 0.085938
0 0.730469 0.507812 0.064062 0.084375
0 0.537500 0.875781 0.190625 0.076563
0 0.946875 0.427344 0.103125 0.073438
0 0.971094 0.383594 0.054688 0.073438
0 0.902344 0.542188 0.089063 0.065625
0 0.687500 0.503906 0.040625 0.064062
0 0.622656 0.557031 0.035937 0.064062
4 0.544531 0.799219 0.120313 0.060937
0 0.812500 0.554688 0.090625 0.059375
0 0.601562 0.495312 0.059375 0.059375
4 0.783594 0.717187 0.204687 0.053125
0 0.920312 0.599219 0.100000 0.042188
0 0.967187 0.652344 0.062500 0.039062
0 0.870313 0.562500 0.100000 0.037500
