6 0.674219 0.618750 0.279687 0.293750
0 0.071875 0.085156 0.040625 0.085938
0 0.274219 0.833594 0.029687 0.064062
0 0.792969 0.072656 0.029687 0.054688
0 0.750000 0.096875 0.028125 0.053125
0 0.021875 0.410938 0.012500 0.043750
0 0.640625 0.033594 0.068750 0.042188
0 0.672656 0.367188 0.020313 0.040625
0 0.007812 0.085938 0.015625 0.037500
0 0.847656 0.085938 0.035937 0.034375
0 0.657031 0.015625 0.057813 0.031250
0 0.789062 0.131250 0.015625 0.031250
0 0.024219 0.530469 0.045312 0.026562
0 0.575781 0.209375 0.057813 0.025000
0 0.150000 0.276562 0.056250 0.021875
0 0.622656 0.179688 0.026562 0.021875
0 0.635156 0.143750 0.023438 0.021875
0 0.593750 0.117188 0.056250 0.018750
0 0.446094 0.427344 0.035937 0.017188
0 0.875781 0.169531 0.032813 0.014063
0 0.475000 0.278906 0.015625 0.014063
