2 0.717187 0.617188 0.075000 0.081250
2 0.290625 0.556250 0.043750 0.056250
2 0.146875 0.560156 0.043750 0.054688
2 0.188281 0.561719 0.029687 0.048438
2 0.067187 0.564063 0.078125 0.046875
2 0.221875 0.560937 0.025000 0.046875
2 0.398438 0.524219 0.059375 0.045312
2 0.615625 0.482812 0.043750 0.043750
2 0.093750 0.546875 0.050000 0.040625
2 0.336719 0.526563 0.029687 0.037500
2 0.048438 0.530469 0.037500 0.035937
2 0.728125 0.479687 0.040625 0.031250
2 0.247656 0.569531 0.051562 0.029687
2 0.527344 0.546875 0.039062 0.025000
2 0.013281 0.553125 0.026562 0.018750
2 0.786719 0.745313 0.279687 0.075000
