1 0.327344 0.332813 0.157812 0.153125
1 0.317969 0.762500 0.217188 0.153125
1 0.396875 0.564063 0.184375 0.121875
1 0.753906 0.550000 0.257812 0.109375
1 0.217969 0.443750 0.189062 0.100000
1 0.502344 0.796094 0.189062 0.089063
1 0.858594 0.615625 0.154688 0.065625
1 0.184375 0.730469 0.093750 0.057813
1 0.749219 0.859375 0.170313 0.056250
1 0.557031 0.894531 0.120313 0.054688
1 0.859375 0.810937 0.121875 0.053125
1 0.733594 0.928125 0.157812 0.046875
1 0.624219 0.752344 0.198437 0.042188
1 0.932813 0.597656 0.131250 0.117188
