4 0.405469 0.610938 0.110937 0.387500
0 0.353906 0.654687 0.035937 0.056250
0 0.276562 0.698438 0.106250 0.059375
0 0.661719 0.513281 0.032813 0.023438
0 0.650781 0.327344 0.029687 0.020313
0 0.882812 0.427344 0.040625 0.020313
0 0.870313 0.732812 0.021875 0.065625
0 0.899219 0.830469 0.020313 0.032813
0 0.760938 0.747656 0.018750 0.017188
0 0.707812 0.655469 0.006250 0.023438
0 0.862500 0.652344 0.031250 0.035937
0 0.887500 0.680469 0.034375 0.051562
0 0.252344 0.554688 0.029687 0.025000
0 0.730469 0.356250 0.017188 0.012500
