0 0.562500 0.160938 0.103125 0.196875
0 0.161719 0.172656 0.032813 0.092188
0 0.305469 0.053906 0.035937 0.082812
0 0.369531 0.235156 0.057813 0.073438
0 0.535156 0.635156 0.045312 0.064062
0 0.548438 0.035937 0.068750 0.062500
0 0.325000 0.599219 0.059375 0.060937
0 0.427344 0.278125 0.026562 0.056250
0 0.273438 0.056250 0.028125 0.053125
0 0.244531 0.278906 0.023438 0.045312
0 0.241406 0.053125 0.026562 0.043750
0 0.214844 0.021094 0.035937 0.042188
0 0.476562 0.308594 0.025000 0.042188
0 0.429688 0.407813 0.056250 0.040625
0 0.289844 0.239063 0.026562 0.040625
0 0.177344 0.277344 0.023438 0.039062
0 0.340625 0.537500 0.031250 0.034375
0 0.302344 0.688281 0.042188 0.039062
