6 0.615625 0.434375 0.056250 0.143750
4 0.628125 0.625781 0.040625 0.129688
0 0.324219 0.793750 0.014063 0.103125
0 0.383594 0.863281 0.017188 0.101562
0 0.503906 0.685937 0.026562 0.090625
0 0.490625 0.436719 0.021875 0.064062
0 0.565625 0.701562 0.012500 0.043750
0 0.540625 0.602344 0.012500 0.039062
0 0.466406 0.768750 0.029687 0.028125
0 0.439063 0.746875 0.018750 0.025000
0 0.650000 0.865625 0.006250 0.021875
0 0.668750 0.892188 0.009375 0.021875
0 0.412500 0.946094 0.015625 0.020313
0 0.739062 0.740625 0.006250 0.018750
0 0.510156 0.581250 0.014063 0.018750
0 0.678906 0.864844 0.007812 0.017188
0 0.519531 0.429688 0.020313 0.015625
0 0.727344 0.702344 0.004687 0.014063
0 0.641406 0.824219 0.010937 0.010937
0 0.620313 0.850781 0.009375 0.010937
