0 0.470313 0.221094 0.084375 0.157812
0 0.412500 0.228906 0.065625 0.154688
0 0.314063 0.411719 0.096875 0.145313
0 0.517188 0.071094 0.093750 0.142187
0 0.973437 0.660156 0.040625 0.132812
0 0.407813 0.793750 0.106250 0.131250
0 0.464062 0.507812 0.084375 0.125000
0 0.184375 0.399219 0.056250 0.123438
0 0.425781 0.422656 0.070312 0.123438
0 0.640625 0.782813 0.043750 0.121875
0 0.525781 0.236719 0.057813 0.120313
0 0.344531 0.297656 0.070312 0.120313
0 0.380469 0.374219 0.092188 0.117188
0 0.720313 0.659375 0.037500 0.115625
0 0.517188 0.440625 0.075000 0.103125
0 0.732812 0.361719 0.037500 0.089063
0 0.771875 0.549219 0.031250 0.089063
0 0.679688 0.416406 0.028125 0.089063
0 0.669531 0.613281 0.029687 0.089063
0 0.854688 0.549219 0.028125 0.085938
0 0.419531 0.540625 0.073438 0.084375
0 0.396094 0.620313 0.051562 0.081250
0 0.677344 0.304688 0.035937 0.078125
0 0.659375 0.696094 0.028125 0.076563
0 0.833594 0.436719 0.029687 0.076563
0 0.778906 0.440625 0.026562 0.068750
0 0.552344 0.168750 0.042188 0.065625
0 0.645312 0.239844 0.025000 0.064062
0 0.945312 0.510156 0.021875 0.064062
0 0.696875 0.526563 0.025000 0.059375
0 0.666406 0.532813 0.032813 0.059375
0 0.607812 0.316406 0.043750 0.048438
0 0.533594 0.704688 0.020313 0.046875
0 0.517188 0.872656 0.021875 0.045312
0 0.583594 0.877344 0.029687 0.045312
0 0.591406 0.250000 0.032813 0.043750
0 0.795312 0.160938 0.018750 0.043750
0 0.490625 0.740625 0.018750 0.043750
0 0.803125 0.019531 0.021875 0.039062
0 0.187500 0.623437 0.053125 0.037500
0 0.552344 0.742188 0.010937 0.037500
0 0.577344 0.834375 0.017188 0.034375
0 0.538281 0.769531 0.014063 0.032813
0 0.730469 0.196094 0.014063 0.029687
0 0.771094 0.174219 0.026562 0.029687
0 0.788281 0.116406 0.026562 0.029687
0 0.780469 0.220312 0.010937 0.025000
0 0.563281 0.746875 0.010937 0.025000
0 0.820312 0.219531 0.021875 0.026562
0 0.735156 0.078906 0.017188 0.023438
0 0.703906 0.149219 0.020313 0.023438
0 0.685156 0.137500 0.014063 0.018750
0 0.057031 0.788281 0.001563 0.001563
6 0.644531 0.530469 0.067187 0.317188
