4 0.474219 0.707812 0.692187 0.231250
0 0.289844 0.139063 0.201563 0.190625
0 0.078906 0.497656 0.157812 0.176563
0 0.309375 0.381250 0.143750 0.178125
0 0.817187 0.250781 0.215625 0.148438
0 0.336719 0.259375 0.170313 0.134375
4 0.893750 0.540625 0.209375 0.115625
0 0.093750 0.427344 0.118750 0.098437
0 0.676562 0.353906 0.140625 0.089063
0 0.460938 0.346094 0.103125 0.070312
0 0.303125 0.425781 0.168750 0.067187
0 0.568750 0.369531 0.050000 0.067187
0 0.648438 0.625781 0.140625 0.060937
4 0.524219 0.437500 0.123438 0.056250
0 0.403906 0.391406 0.148438 0.054688
0 0.585156 0.477344 0.129688 0.051562
0 0.849219 0.447656 0.079687 0.045312
0 0.658594 0.440625 0.095312 0.040625
0 0.968750 0.448437 0.059375 0.037500
0 0.896875 0.450781 0.062500 0.035937
0 0.775781 0.482031 0.032813 0.032813
0 0.664844 0.408594 0.092188 0.045312
