0 0.134375 0.210938 0.100000 0.081250
4 0.060937 0.359375 0.121875 0.068750
6 0.653125 0.512500 0.181250 0.062500
4 0.275781 0.082812 0.089063 0.062500
4 0.052344 0.075000 0.101562 0.062500
0 0.226562 0.031250 0.137500 0.053125
0 0.510156 0.075000 0.048438 0.050000
0 0.191406 0.403906 0.060937 0.048438
6 0.259375 0.482812 0.143750 0.046875
0 0.389062 0.085156 0.090625 0.045312
0 0.227344 0.026562 0.098437 0.040625
0 0.540625 0.174219 0.078125 0.039062
0 0.403906 0.192969 0.057813 0.039062
0 0.607812 0.185156 0.065625 0.039062
0 0.479687 0.114844 0.068750 0.039062
0 0.391406 0.115625 0.073438 0.037500
0 0.425000 0.040625 0.100000 0.034375
0 0.813281 0.096094 0.107813 0.032813
0 0.660156 0.081250 0.098437 0.031250
0 0.910156 0.097656 0.057813 0.032813
0 0.655469 0.143750 0.092188 0.031250
0 0.492969 0.039844 0.070312 0.032813
0 0.581250 0.101562 0.087500 0.031250
0 0.831250 0.185938 0.103125 0.031250
0 0.171875 0.440625 0.037500 0.031250
0 0.892188 0.133594 0.065625 0.029687
0 0.733594 0.138281 0.070312 0.029687
0 0.771094 0.169531 0.104688 0.029687
0 0.545312 0.345313 0.065625 0.028125
0 0.666406 0.103125 0.098437 0.025000
