6 0.523438 0.159375 0.090625 0.203125
0 0.038281 0.339844 0.076563 0.114062
0 0.276562 0.328125 0.021875 0.084375
0 0.689844 0.335156 0.020313 0.079687
0 0.425781 0.204687 0.020313 0.065625
0 0.739844 0.785156 0.029687 0.051562
0 0.047656 0.445312 0.014063 0.050000
0 0.406250 0.885156 0.018750 0.039062
0 0.785156 0.858594 0.029687 0.039062
0 0.207031 0.893750 0.014063 0.034375
0 0.238281 0.532813 0.032813 0.034375
0 0.045312 0.889062 0.018750 0.034375
0 0.113281 0.943750 0.017188 0.034375
0 0.436719 0.397656 0.010937 0.032813
0 0.171094 0.867969 0.014063 0.032813
0 0.590625 0.307812 0.006250 0.025000
0 0.491406 0.327344 0.014063 0.023438
0 0.372656 0.809375 0.010937 0.018750
0 0.446094 0.343750 0.010937 0.018750
0 0.387500 0.879687 0.015625 0.018750
0 0.573438 0.385937 0.009375 0.009375
6 0.695312 0.481250 0.065625 0.209375
