2 0.654687 0.347656 0.096875 0.107813
2 0.470313 0.510938 0.175000 0.078125
2 0.100781 0.267188 0.060937 0.056250
2 0.324219 0.273438 0.054688 0.053125
2 0.479687 0.276562 0.065625 0.053125
2 0.082031 0.242969 0.029687 0.045312
2 0.282031 0.271094 0.039062 0.045312
2 0.005469 0.269531 0.010937 0.042188
2 0.063281 0.279687 0.045312 0.040625
2 0.150781 0.275000 0.035937 0.037500
2 0.366406 0.267188 0.020313 0.028125
2 0.230469 0.283594 0.117188 0.026562
2 0.385156 0.278125 0.048438 0.018750
2 0.046875 0.282031 0.043750 0.017188
2 0.109375 0.246875 0.031250 0.015625
