0 0.608594 0.851562 0.073438 0.090625
0 0.646094 0.788281 0.060937 0.092188
0 0.666406 0.753906 0.054688 0.095312
0 0.709375 0.717187 0.031250 0.078125
0 0.538281 0.742188 0.067187 0.100000
0 0.509375 0.667969 0.059375 0.085938
0 0.582812 0.679688 0.068750 0.090625
0 0.611719 0.720313 0.045312 0.050000
0 0.510156 0.540625 0.073438 0.100000
0 0.442969 0.390625 0.089063 0.134375
0 0.490625 0.426563 0.059375 0.062500
0 0.607031 0.467187 0.067187 0.059375
0 0.567187 0.377344 0.053125 0.076563
0 0.596875 0.334375 0.065625 0.081250
0 0.460938 0.190625 0.059375 0.100000
0 0.514844 0.091406 0.079687 0.173437
0 0.558594 0.781250 0.057813 0.025000
0 0.512500 0.350000 0.068750 0.050000
0 0.494531 0.139844 0.045312 0.073438
