1 0.556250 0.877344 0.190625 0.114062
1 0.589844 0.346094 0.145313 0.085938
1 0.705469 0.946094 0.142187 0.070312
1 0.841406 0.329688 0.110937 0.068750
1 0.083594 0.496094 0.095312 0.057813
1 0.629687 0.253906 0.103125 0.051562
1 0.700000 0.467187 0.096875 0.046875
1 0.357031 0.820312 0.079687 0.046875
1 0.023438 0.658594 0.046875 0.045312
1 0.439063 0.634375 0.065625 0.040625
1 0.474219 0.074219 0.085938 0.039062
1 0.042969 0.566406 0.073438 0.032813
1 0.412500 0.200000 0.059375 0.031250
1 0.040625 0.601562 0.065625 0.028125
1 0.167969 0.818750 0.042188 0.018750
1 0.103906 0.671875 0.048438 0.018750
1 0.596094 0.417187 0.057813 0.018750
1 0.491406 0.725781 0.032813 0.017188
