1 0.306250 0.584375 0.250000 0.146875
1 0.666406 0.624219 0.242188 0.120313
1 0.745313 0.452344 0.206250 0.129688
1 0.617969 0.557813 0.189062 0.084375
1 0.272656 0.766406 0.148438 0.110937
1 0.139844 0.912500 0.223438 0.128125
1 0.600000 0.816406 0.203125 0.117188
1 0.710156 0.789062 0.254688 0.128125
1 0.816406 0.725781 0.204687 0.098437
1 0.853906 0.871094 0.270313 0.070312
1 0.707812 0.940625 0.200000 0.112500
1 0.907813 0.322656 0.181250 0.123438
1 0.659375 0.166406 0.321875 0.114062
1 0.228125 0.071875 0.293750 0.137500
1 0.374219 0.174219 0.195312 0.129688
1 0.124219 0.296094 0.223438 0.135937
1 0.094531 0.150000 0.179688 0.090625
1 0.593750 0.044531 0.243750 0.082812
1 0.550781 0.361719 0.135937 0.214062
1 0.397656 0.407031 0.132812 0.104688
1 0.918750 0.100781 0.159375 0.189062
1 0.083594 0.654687 0.167187 0.090625
1 0.202344 0.635156 0.226562 0.120313
1 0.464062 0.646875 0.228125 0.106250
1 0.897656 0.589844 0.154688 0.104688
1 0.628906 0.231250 0.229687 0.059375
1 0.622656 0.332031 0.079687 0.039062
1 0.675781 0.288281 0.185938 0.085938
1 0.984375 0.598437 0.028125 0.068750
1 0.870313 0.940625 0.153125 0.040625
1 0.366406 0.748437 0.123438 0.046875
1 0.068750 0.609375 0.137500 0.059375
