2 0.982031 0.481250 0.032813 0.087500
2 0.287500 0.523438 0.059375 0.075000
2 0.407813 0.532031 0.065625 0.070312
2 0.210938 0.528906 0.059375 0.070312
2 0.528906 0.524219 0.057813 0.060937
2 0.803906 0.689063 0.167187 0.059375
2 0.707031 0.500781 0.048438 0.054688
2 0.846094 0.504687 0.045312 0.056250
2 0.750000 0.510156 0.056250 0.054688
2 0.117969 0.499219 0.048438 0.054688
2 0.581250 0.527344 0.062500 0.054688
2 0.528125 0.675781 0.221875 0.042188
2 0.053906 0.479687 0.048438 0.040625
2 0.889844 0.503906 0.039062 0.039062
2 0.782813 0.513281 0.043750 0.035937
2 0.814063 0.509375 0.021875 0.028125
2 0.942187 0.510156 0.031250 0.026562
2 0.669531 0.521094 0.060937 0.020313
2 0.046094 0.425781 0.032813 0.035937
