6 0.700781 0.597656 0.176563 0.073438
0 0.893750 0.097656 0.090625 0.060937
0 0.822656 0.140625 0.082812 0.056250
0 0.725000 0.164844 0.075000 0.054688
0 0.867969 0.046094 0.126562 0.054688
0 0.947656 0.164062 0.101562 0.053125
0 0.969531 0.079687 0.057813 0.053125
6 0.202344 0.512500 0.164062 0.050000
0 0.564063 0.220312 0.093750 0.046875
0 0.764062 0.084375 0.087500 0.046875
4 0.924219 0.228125 0.148438 0.046875
0 0.175000 0.167969 0.100000 0.045312
0 0.672656 0.129688 0.054688 0.043750
0 0.734375 0.116406 0.068750 0.039062
0 0.361719 0.324219 0.089063 0.039062
0 0.489063 0.164844 0.078125 0.039062
0 0.644531 0.182031 0.054688 0.035937
0 0.245312 0.265625 0.084375 0.034375
0 0.272656 0.187500 0.057813 0.034375
0 0.460156 0.243750 0.076563 0.034375
0 0.339062 0.192969 0.065625 0.032813
0 0.567187 0.166406 0.053125 0.029687
0 0.892188 0.014844 0.115625 0.029687
0 0.191406 0.241406 0.057813 0.029687
0 0.139844 0.217188 0.067187 0.028125
0 0.482812 0.211719 0.065625 0.026562
0 0.588281 0.137500 0.060937 0.025000
0 0.359375 0.161719 0.078125 0.023438
0 0.146875 0.283594 0.056250 0.020313
