0 0.574219 0.387500 0.848437 0.578125
0 0.446094 0.479687 0.664062 0.390625
0 0.608594 0.737500 0.160938 0.175000
0 0.861719 0.376563 0.273438 0.143750
0 0.044531 0.657031 0.073438 0.114062
4 0.508594 0.816406 0.129688 0.095312
0 0.102344 0.774219 0.054688 0.095312
0 0.422656 0.660937 0.051562 0.093750
0 0.971875 0.317188 0.053125 0.090625
0 0.421094 0.703906 0.095312 0.079687
0 0.182812 0.774219 0.090625 0.060937
0 0.188281 0.728125 0.085938 0.059375
0 0.647656 0.641406 0.126562 0.048438
0 0.012500 0.760156 0.025000 0.045312
0 0.792188 0.191406 0.412500 0.220312
