0 0.842969 0.108594 0.260937 0.145313
6 0.733594 0.675000 0.226562 0.112500
4 0.705469 0.495312 0.304688 0.106250
4 0.456250 0.550000 0.081250 0.090625
0 0.921094 0.235937 0.154688 0.081250
4 0.091406 0.471094 0.182812 0.073438
0 0.368750 0.764844 0.125000 0.070312
0 0.371875 0.704688 0.112500 0.062500
4 0.605469 0.472656 0.179688 0.054688
0 0.492188 0.312500 0.121875 0.046875
0 0.660937 0.331250 0.137500 0.046875
0 0.848437 0.354687 0.131250 0.046875
0 0.752344 0.342969 0.145313 0.042188
0 0.549219 0.379688 0.104688 0.040625
0 0.726562 0.070312 0.140625 0.040625
0 0.784375 0.379688 0.118750 0.031250
0 0.675781 0.378125 0.123438 0.043750
