4 0.310937 0.464844 0.409375 0.157812
0 0.611719 0.735938 0.448437 0.134375
0 0.915625 0.439844 0.165625 0.076563
4 0.935156 0.806250 0.126562 0.071875
0 0.645312 0.574219 0.221875 0.070312
0 0.795312 0.799219 0.156250 0.070312
0 0.847656 0.596875 0.135937 0.065625
0 0.843750 0.525000 0.112500 0.065625
0 0.696875 0.600000 0.178125 0.062500
0 0.219531 0.971875 0.248438 0.053125
0 0.472656 0.620313 0.073438 0.046875
0 0.257031 0.566406 0.148438 0.045312
0 0.065625 0.878906 0.125000 0.042188
0 0.556250 0.646875 0.046875 0.040625
0 0.041406 0.643750 0.082812 0.034375
0 0.329688 0.596875 0.090625 0.034375
0 0.092969 0.661719 0.098437 0.032813
6 0.051562 0.977344 0.103125 0.042188
