4 0.550781 0.467969 0.045312 0.210938
4 0.286719 0.217969 0.070312 0.126562
4 0.612500 0.106250 0.115625 0.090625
4 0.396875 0.480469 0.081250 0.082812
4 0.285938 0.534375 0.062500 0.068750
0 0.394531 0.920312 0.017188 0.062500
0 0.460156 0.874219 0.026562 0.057813
0 0.356250 0.873437 0.025000 0.056250
0 0.328125 0.710156 0.012500 0.054688
0 0.483594 0.565625 0.017188 0.053125
0 0.276562 0.767969 0.018750 0.051562
0 0.635156 0.860156 0.023438 0.042188
0 0.359375 0.962500 0.015625 0.028125
0 0.571094 0.628125 0.010937 0.028125
0 0.591406 0.631250 0.014063 0.025000
0 0.585938 0.590625 0.012500 0.025000
0 0.315625 0.740625 0.009375 0.021875
0 0.377344 0.278906 0.007812 0.020313
0 0.348438 0.377344 0.012500 0.020313
0 0.361719 0.435937 0.010937 0.012500
0 0.372656 0.446094 0.010937 0.010937
0 0.294531 0.366406 0.010937 0.010937
0 0.353906 0.764062 0.020313 0.056250
