0 0.323437 0.089063 0.140625 0.178125
0 0.199219 0.080469 0.089063 0.160938
0 0.542969 0.184375 0.164062 0.153125
4 0.596094 0.533594 0.148438 0.148438
0 0.212500 0.293750 0.068750 0.081250
4 0.331250 0.618750 0.112500 0.075000
0 0.317188 0.389062 0.106250 0.068750
0 0.078125 0.394531 0.075000 0.067187
0 0.029687 0.453906 0.059375 0.057813
0 0.100781 0.322656 0.114062 0.054688
0 0.398438 0.358594 0.168750 0.054688
0 0.122656 0.443750 0.073438 0.053125
0 0.039844 0.386719 0.076563 0.048438
0 0.157812 0.368750 0.090625 0.040625
0 0.257031 0.310156 0.098437 0.035937
0 0.290625 0.278125 0.081250 0.034375
