0 0.600781 0.259375 0.439063 0.221875
4 0.300000 0.077344 0.600000 0.154688
0 0.447656 0.367969 0.089063 0.085938
0 0.250781 0.838281 0.179688 0.070312
4 0.560156 0.700000 0.170313 0.062500
4 0.471094 0.650781 0.129688 0.060937
0 0.321094 0.429688 0.132812 0.053125
0 0.317188 0.467969 0.062500 0.051562
0 0.343750 0.385937 0.109375 0.050000
0 0.407813 0.478906 0.090625 0.048438
0 0.039062 0.446094 0.078125 0.045312
0 0.035156 0.543750 0.070312 0.043750
0 0.050000 0.621094 0.100000 0.045312
0 0.227344 0.419531 0.101562 0.042188
0 0.115625 0.450000 0.115625 0.043750
0 0.169531 0.516406 0.095312 0.042188
0 0.210938 0.455469 0.090625 0.039062
0 0.467969 0.432031 0.110937 0.035937
0 0.320312 0.496094 0.075000 0.032813
