0 0.478125 0.302344 0.553125 0.392188
0 0.561719 0.134375 0.398438 0.256250
4 0.401562 0.600000 0.350000 0.184375
4 0.789844 0.910156 0.417187 0.176563
0 0.775000 0.494531 0.275000 0.160938
0 0.088281 0.354687 0.176563 0.128125
0 0.933594 0.367969 0.129688 0.123438
0 0.806250 0.405469 0.100000 0.110937
0 0.916406 0.432812 0.164062 0.100000
0 0.577344 0.423438 0.223438 0.087500
0 0.925000 0.528125 0.146875 0.084375
0 0.585156 0.474219 0.120313 0.064062
0 0.504687 0.746875 0.171875 0.062500
4 0.342187 0.728125 0.081250 0.056250
0 0.680469 0.599219 0.164062 0.051562
0 0.133594 0.580469 0.120313 0.048438
0 0.347656 0.564063 0.079687 0.037500
0 0.039062 0.564844 0.078125 0.039062
0 0.290625 0.571875 0.065625 0.031250
0 0.225781 0.572656 0.060937 0.029687
4 0.860156 0.154688 0.276562 0.309375
