0 0.370312 0.592187 0.306250 0.150000
0 0.591406 0.555469 0.285938 0.139063
0 0.532813 0.331250 0.159375 0.131250
0 0.573438 0.428125 0.187500 0.125000
0 0.838281 0.620313 0.182812 0.118750
0 0.093750 0.514062 0.184375 0.115625
0 0.307812 0.464062 0.121875 0.109375
0 0.376563 0.395313 0.153125 0.103125
0 0.851562 0.370312 0.168750 0.103125
0 0.746094 0.349219 0.132812 0.101562
0 0.142187 0.432031 0.159375 0.101562
0 0.806250 0.464844 0.221875 0.095312
0 0.939063 0.356250 0.118750 0.090625
0 0.854688 0.527344 0.196875 0.089063
0 0.292187 0.306250 0.100000 0.087500
0 0.606250 0.307812 0.134375 0.087500
4 0.096094 0.150000 0.192188 0.071875
0 0.446094 0.099219 0.085938 0.039062
0 0.893750 0.067969 0.090625 0.032813
0 0.659375 0.090625 0.046875 0.025000
