4 0.852344 0.752344 0.039062 0.223438
0 0.458594 0.600781 0.089063 0.154688
0 0.289062 0.632812 0.050000 0.090625
0 0.759375 0.092969 0.025000 0.085938
0 0.780469 0.109375 0.023438 0.084375
0 0.601562 0.110937 0.028125 0.078125
0 0.801562 0.056250 0.028125 0.075000
0 0.557813 0.082031 0.015625 0.067187
0 0.611719 0.971094 0.020313 0.054688
0 0.123438 0.460938 0.034375 0.050000
0 0.181250 0.659375 0.021875 0.050000
0 0.289062 0.718750 0.028125 0.037500
0 0.941406 0.232031 0.014063 0.035937
0 0.379688 0.761719 0.050000 0.032813
0 0.478125 0.256250 0.012500 0.028125
0 0.687500 0.736719 0.028125 0.026562
0 0.966406 0.231250 0.010937 0.025000
0 0.847656 0.284375 0.017188 0.018750
0 0.632031 0.478125 0.026562 0.018750
0 0.901563 0.268750 0.018750 0.018750
0 0.292969 0.755469 0.042188 0.014063
0 0.353906 0.432812 0.029687 0.037500
