0 0.417187 0.669531 0.190625 0.292187
0 0.850781 0.580469 0.176563 0.270313
0 0.228906 0.550781 0.104688 0.248438
0 0.527344 0.299219 0.135937 0.207813
0 0.504687 0.403125 0.075000 0.150000
0 0.412500 0.503906 0.106250 0.089063
0 0.694531 0.708594 0.160938 0.085938
0 0.578125 0.793750 0.231250 0.081250
0 0.175781 0.818750 0.054688 0.078125
0 0.241406 0.823438 0.070312 0.075000
0 0.393750 0.886719 0.146875 0.073438
0 0.245312 0.754687 0.071875 0.068750
0 0.242188 0.964844 0.090625 0.067187
0 0.060937 0.894531 0.121875 0.067187
0 0.097656 0.950781 0.054688 0.060937
0 0.154688 0.889844 0.090625 0.054688
