0 0.798438 0.889062 0.231250 0.209375
0 0.520312 0.867969 0.234375 0.192188
0 0.303906 0.669531 0.420312 0.185938
0 0.375781 0.115625 0.314063 0.168750
0 0.493750 0.849219 0.246875 0.167187
0 0.086719 0.550000 0.173437 0.143750
0 0.727344 0.516406 0.214062 0.129688
0 0.142969 0.309375 0.285938 0.128125
0 0.548438 0.691406 0.109375 0.117188
0 0.655469 0.386719 0.192188 0.110937
0 0.794531 0.381250 0.192188 0.106250
0 0.942969 0.757812 0.110937 0.103125
0 0.596094 0.358594 0.260937 0.101562
0 0.081250 0.188281 0.162500 0.101562
0 0.192188 0.361719 0.296875 0.098437
0 0.865625 0.735938 0.121875 0.096875
0 0.441406 0.771094 0.398438 0.095312
0 0.242188 0.953125 0.221875 0.090625
0 0.477344 0.259375 0.220312 0.090625
0 0.732031 0.651563 0.179688 0.090625
0 0.034375 0.812500 0.068750 0.087500
0 0.953125 0.153906 0.090625 0.085938
0 0.482031 0.542188 0.239063 0.078125
0 0.632812 0.302344 0.234375 0.076563
0 0.179688 0.037500 0.359375 0.071875
0 0.878125 0.553906 0.162500 0.067187
0 0.982812 0.838281 0.031250 0.064062
0 0.917969 0.262500 0.051562 0.062500
0 0.953125 0.421875 0.090625 0.062500
0 0.885156 0.505469 0.151562 0.060937
0 0.854688 0.350781 0.131250 0.057813
0 0.494531 0.038281 0.220312 0.054688
0 0.947656 0.578906 0.101562 0.048438
0 0.977344 0.018750 0.042188 0.037500
0 0.734375 0.015625 0.078125 0.031250
0 0.773438 0.153906 0.237500 0.085938
