0 0.060937 0.657031 0.118750 0.148438
0 0.042188 0.495312 0.084375 0.165625
0 0.192188 0.328125 0.053125 0.128125
0 0.317969 0.481250 0.117188 0.109375
0 0.256250 0.549219 0.175000 0.123438
0 0.517969 0.458594 0.123438 0.129688
0 0.452344 0.223438 0.117188 0.134375
0 0.419531 0.195312 0.060937 0.056250
0 0.679688 0.153125 0.112500 0.059375
0 0.682031 0.512500 0.114062 0.143750
0 0.907031 0.385937 0.073438 0.090625
0 0.882031 0.275000 0.064062 0.096875
0 0.913281 0.206250 0.057813 0.071875
0 0.271094 0.153906 0.092188 0.048438
0 0.931250 0.032031 0.062500 0.039062
