0 0.790625 0.050000 0.196875 0.100000
0 0.506250 0.667188 0.221875 0.090625
0 0.937500 0.057813 0.121875 0.090625
0 0.112500 0.105469 0.193750 0.089063
0 0.070312 0.782031 0.140625 0.089063
0 0.862500 0.199219 0.271875 0.085938
0 0.919531 0.952344 0.157812 0.085938
0 0.617969 0.957812 0.185938 0.081250
0 0.750000 0.892969 0.162500 0.079687
0 0.542188 0.095312 0.293750 0.075000
0 0.301563 0.597656 0.181250 0.076563
0 0.910156 0.786719 0.176563 0.076563
0 0.717187 0.409375 0.253125 0.075000
0 0.410156 0.579688 0.257812 0.075000
0 0.189062 0.205469 0.246875 0.073438
0 0.756250 0.307031 0.225000 0.073438
0 0.920312 0.600781 0.156250 0.073438
0 0.574219 0.752344 0.226562 0.073438
0 0.930469 0.855469 0.135937 0.073438
0 0.651563 0.667969 0.156250 0.073438
0 0.042969 0.871875 0.085938 0.071875
0 0.878125 0.700000 0.218750 0.071875
0 0.324219 0.941406 0.173437 0.070312
0 0.521875 0.783594 0.206250 0.070312
0 0.461719 0.387500 0.220312 0.065625
0 0.871875 0.630469 0.209375 0.067187
0 0.671875 0.314844 0.146875 0.064062
0 0.626563 0.607031 0.181250 0.064062
0 0.510938 0.861719 0.168750 0.064062
0 0.792188 0.448437 0.225000 0.062500
0 0.731250 0.809375 0.178125 0.062500
0 0.622656 0.031250 0.164062 0.062500
0 0.040625 0.184375 0.081250 0.062500
0 0.636719 0.223438 0.226562 0.059375
0 0.064844 0.364844 0.129688 0.060937
0 0.278125 0.262500 0.190625 0.059375
0 0.172656 0.385156 0.148438 0.057813
0 0.602344 0.182812 0.201563 0.059375
0 0.765625 0.542188 0.287500 0.059375
0 0.415625 0.449219 0.168750 0.057813
0 0.371094 0.820312 0.210938 0.056250
0 0.478125 0.317188 0.225000 0.056250
0 0.025000 0.267969 0.050000 0.054688
0 0.240625 0.888281 0.156250 0.054688
0 0.175000 0.334375 0.212500 0.053125
0 0.191406 0.491406 0.276562 0.051562
0 0.939844 0.449219 0.117188 0.051562
0 0.485156 0.968750 0.132812 0.050000
0 0.078906 0.596875 0.157812 0.050000
0 0.200000 0.720313 0.206250 0.050000
0 0.039062 0.437500 0.078125 0.046875
0 0.761719 0.492969 0.210938 0.045312
0 0.948438 0.417187 0.100000 0.043750
0 0.262500 0.464844 0.184375 0.042188
0 0.946875 0.671875 0.103125 0.062500
