1 0.112500 0.159375 0.156250 0.121875
1 0.141406 0.704688 0.142187 0.115625
1 0.803906 0.478125 0.139063 0.103125
1 0.079687 0.421094 0.143750 0.092188
1 0.428125 0.703125 0.162500 0.087500
1 0.267188 0.858594 0.087500 0.085938
1 0.117969 0.495312 0.139063 0.081250
1 0.418750 0.531250 0.118750 0.081250
1 0.921875 0.285156 0.150000 0.079687
1 0.460938 0.867188 0.134375 0.071875
1 0.600781 0.928906 0.107813 0.067187
1 0.144531 0.916406 0.145313 0.067187
1 0.518750 0.529687 0.140625 0.062500
1 0.317188 0.555469 0.131250 0.051562
1 0.628906 0.539844 0.117188 0.045312
