4 0.250000 0.054688 0.309375 0.106250
4 0.060937 0.143750 0.118750 0.106250
4 0.239063 0.394531 0.171875 0.079687
4 0.539844 0.262500 0.123438 0.075000
4 0.829688 0.359375 0.253125 0.068750
0 0.225000 0.084375 0.128125 0.050000
0 0.582812 0.107031 0.096875 0.048438
0 0.875000 0.117969 0.078125 0.042188
0 0.411719 0.201563 0.117188 0.040625
0 0.725000 0.160156 0.090625 0.039062
0 0.958594 0.246094 0.079687 0.039062
0 0.282031 0.143750 0.139063 0.037500
0 0.435937 0.185156 0.115625 0.035937
0 0.683594 0.186719 0.101562 0.035937
0 0.658594 0.155469 0.120313 0.035937
0 0.855469 0.180469 0.092188 0.035937
0 0.262500 0.151562 0.118750 0.034375
0 0.770312 0.170313 0.065625 0.034375
0 0.659375 0.141406 0.087500 0.032813
6 0.543750 0.497656 0.093750 0.032813
0 0.935937 0.152344 0.084375 0.032813
0 0.712500 0.445312 0.087500 0.031250
0 0.595313 0.135937 0.081250 0.031250
0 0.817187 0.139063 0.087500 0.031250
0 0.803906 0.437500 0.073438 0.025000
