0 0.734375 0.161719 0.134375 0.164062
0 0.682813 0.310937 0.246875 0.109375
4 0.530469 0.545312 0.314063 0.106250
0 0.853125 0.457813 0.068750 0.081250
0 0.133594 0.356250 0.210938 0.075000
0 0.920312 0.393750 0.156250 0.075000
4 0.591406 0.635938 0.220312 0.065625
0 0.063281 0.461719 0.126562 0.051562
0 0.952344 0.456250 0.092188 0.050000
0 0.374219 0.387500 0.151562 0.043750
0 0.598437 0.388281 0.140625 0.042188
0 0.729688 0.442969 0.146875 0.042188
0 0.846094 0.464844 0.129688 0.042188
0 0.571094 0.446094 0.139063 0.042188
0 0.209375 0.414062 0.159375 0.040625
0 0.192969 0.392969 0.120313 0.039062
0 0.310156 0.412500 0.117188 0.037500
0 0.015625 0.379688 0.031250 0.037500
0 0.389062 0.228125 0.318750 0.118750
