0 0.677344 0.101562 0.323437 0.125000
4 0.564844 0.422656 0.385937 0.110937
0 0.086719 0.185938 0.173437 0.081250
0 0.102344 0.267188 0.204687 0.078125
4 0.282031 0.592187 0.179688 0.065625
0 0.938281 0.212500 0.120313 0.059375
0 0.256250 0.677344 0.100000 0.054688
4 0.512500 0.686719 0.059375 0.035937
0 0.702344 0.460938 0.048438 0.031250
0 0.517969 0.337500 0.067187 0.028125
6 0.055469 0.768750 0.104688 0.028125
0 0.275781 0.503906 0.095312 0.026562
0 0.642969 0.526563 0.039062 0.025000
0 0.368750 0.448437 0.068750 0.025000
0 0.588281 0.441406 0.082812 0.023438
0 0.740625 0.564844 0.031250 0.020313
0 0.663281 0.542188 0.039062 0.018750
0 0.702344 0.567969 0.029687 0.017188
0 0.617969 0.522656 0.007812 0.017188
0 0.628906 0.568750 0.023438 0.012500
0 0.637500 0.549219 0.021875 0.010937
0 0.690625 0.559375 0.025000 0.009375
0 0.589063 0.568750 0.021875 0.009375
