4 0.712500 0.696094 0.206250 0.207813
4 0.427344 0.313281 0.076563 0.117188
0 0.522656 0.397656 0.023438 0.067187
0 0.540625 0.420312 0.025000 0.059375
0 0.557813 0.373437 0.034375 0.056250
0 0.579688 0.443750 0.043750 0.053125
0 0.280469 0.186719 0.023438 0.048438
0 0.580469 0.491406 0.067187 0.048438
0 0.574219 0.340625 0.045312 0.043750
0 0.510938 0.284375 0.021875 0.043750
0 0.643750 0.417187 0.025000 0.040625
0 0.794531 0.380469 0.039062 0.039062
0 0.564844 0.240625 0.014063 0.025000
0 0.649219 0.487500 0.014063 0.021875
0 0.721094 0.425781 0.010937 0.020313
0 0.700781 0.431250 0.023438 0.012500
0 0.419531 0.477344 0.076563 0.042188
