6 0.446094 0.701562 0.198437 0.090625
0 0.339844 0.096875 0.073438 0.078125
4 0.378125 0.224219 0.168750 0.054688
0 0.284375 0.210156 0.059375 0.054688
4 0.773438 0.311719 0.059375 0.045312
0 0.047656 0.109375 0.095312 0.043750
4 0.246094 0.152344 0.173437 0.042188
0 0.013281 0.131250 0.026562 0.040625
0 0.097656 0.143750 0.101562 0.040625
4 0.703906 0.342187 0.073438 0.040625
4 0.557813 0.344531 0.056250 0.039062
6 0.817187 0.520312 0.115625 0.037500
4 0.508594 0.478906 0.192188 0.035937
0 0.147656 0.200000 0.092188 0.034375
0 0.643750 0.190625 0.100000 0.031250
0 0.508594 0.211719 0.085938 0.029687
0 0.335156 0.211719 0.067187 0.026562
0 0.246094 0.185156 0.085938 0.026562
0 0.565625 0.261719 0.078125 0.026562
4 0.338281 0.428125 0.101562 0.025000
0 0.688281 0.244531 0.085938 0.026562
0 0.728906 0.195312 0.085938 0.025000
0 0.776563 0.215625 0.096875 0.025000
0 0.521094 0.241406 0.079687 0.023438
0 0.374219 0.188281 0.067187 0.023438
0 0.597656 0.237500 0.057813 0.021875
0 0.836719 0.209375 0.070312 0.021875
0 0.610156 0.228906 0.060937 0.020313
0 0.771875 0.235937 0.081250 0.021875
0 0.640625 0.213281 0.068750 0.020313
0 0.874219 0.348438 0.032813 0.015625
0 0.836719 0.342969 0.010937 0.010937
0 0.914844 0.347656 0.010937 0.010937
