4 0.399219 0.640625 0.376563 0.209375
4 0.399219 0.392969 0.564063 0.195312
4 0.877344 0.892969 0.242188 0.139063
0 0.885156 0.583594 0.120313 0.070312
0 0.188281 0.156250 0.173437 0.062500
0 0.417969 0.228125 0.157812 0.056250
0 0.939063 0.217969 0.118750 0.054688
0 0.822656 0.282031 0.167187 0.051562
0 0.533594 0.179688 0.132812 0.050000
0 0.183594 0.213281 0.164062 0.048438
0 0.422656 0.101562 0.123438 0.046875
6 0.750781 0.692969 0.120313 0.045312
0 0.348438 0.162500 0.131250 0.043750
0 0.428125 0.020313 0.118750 0.040625
0 0.395313 0.148438 0.096875 0.037500
4 0.081250 0.703906 0.162500 0.089063
