0 0.549219 0.504687 0.135937 0.056250
0 0.950781 0.542969 0.095312 0.067187
0 0.388281 0.329688 0.132812 0.059375
0 0.732812 0.253906 0.150000 0.067187
0 0.469531 0.216406 0.117188 0.057813
0 0.278125 0.225000 0.096875 0.046875
0 0.332813 0.239063 0.065625 0.053125
0 0.241406 0.246875 0.067187 0.046875
0 0.775000 0.121875 0.093750 0.031250
0 0.243750 0.141406 0.059375 0.039062
0 0.767188 0.074219 0.090625 0.032813
0 0.699219 0.043750 0.067187 0.043750
0 0.349219 0.417187 0.073438 0.071875
0 0.386719 0.200781 0.067187 0.045312
0 0.513281 0.127344 0.054688 0.045312
0 0.965625 0.135937 0.065625 0.096875
