4 0.165625 0.403906 0.309375 0.082812
0 0.655469 0.876563 0.117188 0.081250
0 0.939063 0.321875 0.118750 0.078125
4 0.514844 0.602344 0.242188 0.067187
0 0.671875 0.350781 0.181250 0.067187
4 0.180469 0.570312 0.217188 0.062500
4 0.047656 0.714063 0.095312 0.053125
0 0.583594 0.401562 0.151562 0.050000
0 0.932813 0.463281 0.131250 0.048438
0 0.749219 0.386719 0.179688 0.048438
0 0.953906 0.421875 0.089063 0.043750
0 0.611719 0.545312 0.182812 0.043750
0 0.610938 0.471875 0.146875 0.043750
0 0.535156 0.432812 0.135937 0.043750
0 0.650781 0.421875 0.126562 0.040625
0 0.810156 0.423438 0.139063 0.037500
0 0.496094 0.459375 0.126562 0.037500
0 0.853125 0.447656 0.087500 0.032813
