2 0.542188 0.496875 0.212500 0.112500
2 0.059375 0.307812 0.118750 0.112500
2 0.857031 0.262500 0.101562 0.087500
2 0.227344 0.228906 0.076563 0.057813
2 0.617188 0.203125 0.034375 0.053125
2 0.389062 0.229687 0.056250 0.050000
2 0.598437 0.216406 0.043750 0.045312
2 0.553125 0.226562 0.043750 0.040625
2 0.468750 0.231250 0.065625 0.040625
2 0.691406 0.222656 0.020313 0.035937
2 0.322656 0.233594 0.054688 0.035937
2 0.752344 0.213281 0.026562 0.029687
2 0.720313 0.213281 0.028125 0.029687
2 0.922656 0.213281 0.023438 0.026562
2 0.785937 0.225000 0.034375 0.025000
2 0.985938 0.228906 0.025000 0.020313
