0 0.178906 0.841406 0.148438 0.095312
4 0.321875 0.414844 0.165625 0.073438
0 0.374219 0.067969 0.104688 0.067187
0 0.046875 0.171875 0.090625 0.065625
4 0.403906 0.569531 0.195312 0.057813
4 0.760156 0.460938 0.229687 0.059375
0 0.448437 0.067969 0.137500 0.057813
0 0.425000 0.472656 0.156250 0.057813
0 0.078125 0.578906 0.156250 0.054688
0 0.451562 0.214844 0.115625 0.042188
0 0.043750 0.407031 0.087500 0.042188
0 0.375000 0.188281 0.103125 0.035937
0 0.458594 0.020313 0.135937 0.034375
0 0.979688 0.303125 0.037500 0.071875
