0 0.725781 0.509375 0.339062 0.146875
0 0.123438 0.640625 0.246875 0.125000
0 0.343750 0.310937 0.203125 0.109375
0 0.835156 0.331250 0.326562 0.109375
0 0.458594 0.444531 0.285938 0.104688
0 0.545312 0.212500 0.356250 0.100000
0 0.484375 0.289844 0.259375 0.098437
0 0.755469 0.795312 0.264062 0.096875
0 0.296875 0.092188 0.350000 0.096875
0 0.565625 0.778125 0.321875 0.093750
0 0.131250 0.167969 0.262500 0.092188
0 0.142969 0.839844 0.285938 0.089063
0 0.149219 0.493750 0.298438 0.084375
0 0.846875 0.678906 0.296875 0.082812
0 0.264844 0.691406 0.248438 0.076563
0 0.100000 0.391406 0.200000 0.076563
0 0.950000 0.928125 0.096875 0.075000
0 0.564063 0.800781 0.290625 0.073438
0 0.433594 0.773438 0.195312 0.071875
0 0.954688 0.490625 0.087500 0.071875
0 0.146875 0.910156 0.293750 0.070312
0 0.219531 0.414062 0.079687 0.068750
0 0.959375 0.056250 0.078125 0.068750
0 0.439844 0.853125 0.276562 0.068750
0 0.553906 0.544531 0.135937 0.067187
0 0.764844 0.269531 0.195312 0.067187
0 0.919531 0.850781 0.157812 0.064062
0 0.611719 0.646875 0.223438 0.062500
0 0.294531 0.620313 0.132812 0.056250
0 0.564063 0.721875 0.275000 0.050000
0 0.092188 0.606250 0.184375 0.050000
0 0.662500 0.977344 0.268750 0.042188
0 0.310937 0.977344 0.265625 0.042188
0 0.985156 0.131250 0.026562 0.050000
