2 0.507031 0.739062 0.095312 0.087500
2 0.660937 0.493750 0.068750 0.084375
2 0.712500 0.493750 0.075000 0.084375
2 0.339844 0.468750 0.054688 0.065625
2 0.852344 0.503906 0.054688 0.064062
2 0.040625 0.475000 0.062500 0.059375
2 0.419531 0.467969 0.039062 0.045312
2 0.151562 0.465625 0.040625 0.043750
2 0.360938 0.462500 0.018750 0.043750
2 0.925781 0.471094 0.039062 0.042188
2 0.392969 0.464062 0.023438 0.040625
2 0.198437 0.473438 0.040625 0.034375
2 0.368750 0.408594 0.025000 0.032813
2 0.249219 0.445312 0.057813 0.021875
2 0.160938 0.764062 0.321875 0.096875
