0 0.435937 0.092969 0.218750 0.185938
0 0.046875 0.076563 0.093750 0.153125
0 0.470313 0.246094 0.090625 0.110937
0 0.300781 0.257031 0.117188 0.110937
0 0.504687 0.282031 0.059375 0.104688
0 0.720313 0.310937 0.106250 0.087500
0 0.365625 0.514844 0.115625 0.079687
0 0.272656 0.331250 0.085938 0.075000
0 0.912500 0.037500 0.121875 0.075000
4 0.353125 0.600781 0.128125 0.073438
4 0.851562 0.666406 0.171875 0.067187
0 0.327344 0.360938 0.082812 0.059375
4 0.919531 0.492188 0.104688 0.037500
6 0.907813 0.833594 0.100000 0.029687
0 0.839063 0.560937 0.109375 0.028125
0 0.978125 0.793750 0.040625 0.040625
