0 0.653906 0.150781 0.048438 0.151562
0 0.682031 0.668750 0.042188 0.125000
0 0.690625 0.181250 0.059375 0.125000
0 0.781250 0.558594 0.034375 0.123438
0 0.782813 0.644531 0.075000 0.114062
0 0.813281 0.581250 0.039062 0.103125
0 0.751563 0.528125 0.046875 0.100000
0 0.944531 0.631250 0.032813 0.100000
0 0.466406 0.433594 0.035937 0.095312
0 0.865625 0.638281 0.037500 0.095312
0 0.664844 0.487500 0.076563 0.090625
0 0.676562 0.348438 0.043750 0.087500
0 0.844531 0.746094 0.042188 0.085938
0 0.882812 0.862500 0.040625 0.087500
0 0.632812 0.396094 0.037500 0.085938
0 0.713281 0.901563 0.035937 0.084375
0 0.893750 0.759375 0.028125 0.084375
0 0.865625 0.691406 0.034375 0.082812
0 0.700781 0.602344 0.026562 0.082812
0 0.841406 0.685937 0.026562 0.075000
0 0.734375 0.370312 0.065625 0.065625
0 0.629687 0.289062 0.046875 0.062500
0 0.816406 0.948438 0.029687 0.059375
0 0.746875 0.212500 0.021875 0.059375
0 0.789844 0.903906 0.042188 0.054688
0 0.598437 0.128906 0.031250 0.054688
0 0.925781 0.973437 0.023438 0.050000
0 0.912500 0.090625 0.021875 0.043750
