1 0.407813 0.453906 0.159375 0.120313
1 0.947656 0.330469 0.101562 0.114062
1 0.077344 0.510938 0.154688 0.112500
1 0.628906 0.645312 0.192188 0.112500
1 0.056250 0.394531 0.112500 0.110937
1 0.429688 0.590625 0.196875 0.109375
1 0.269531 0.742188 0.210938 0.103125
1 0.832031 0.770312 0.139063 0.090625
1 0.134375 0.896094 0.168750 0.085938
1 0.560156 0.750000 0.123438 0.084375
1 0.412500 0.792969 0.153125 0.076563
1 0.131250 0.356250 0.131250 0.071875
1 0.898438 0.235156 0.162500 0.070312
1 0.619531 0.973437 0.120313 0.050000
1 0.668750 0.015625 0.131250 0.031250
