4 0.773438 0.290625 0.071875 0.150000
4 0.495312 0.125000 0.109375 0.090625
4 0.664062 0.563281 0.087500 0.079687
0 0.550781 0.785937 0.029687 0.056250
0 0.734375 0.897656 0.025000 0.051562
0 0.528125 0.488281 0.018750 0.048438
0 0.322656 0.675781 0.014063 0.042188
0 0.714844 0.647656 0.020313 0.035937
0 0.745313 0.616406 0.018750 0.029687
0 0.301563 0.760156 0.015625 0.026562
0 0.385156 0.689844 0.023438 0.026562
0 0.607812 0.823438 0.031250 0.025000
0 0.625781 0.340625 0.010937 0.025000
0 0.630469 0.428125 0.010937 0.025000
0 0.688281 0.639062 0.014063 0.025000
0 0.651563 0.364844 0.012500 0.017188
0 0.627344 0.263281 0.010937 0.017188
0 0.690625 0.870313 0.028125 0.015625
0 0.801562 0.199219 0.006250 0.010937
0 0.367188 0.675781 0.018750 0.010937
4 0.425781 0.646094 0.060937 0.173437
