6 0.046875 0.801562 0.093750 0.103125
6 0.634375 0.521094 0.237500 0.098437
6 0.411719 0.514844 0.198437 0.092188
4 0.507031 0.150000 0.214062 0.059375
6 0.671094 0.431250 0.142187 0.056250
4 0.320312 0.237500 0.159375 0.050000
4 0.898438 0.278125 0.084375 0.050000
0 0.622656 0.045312 0.110937 0.043750
0 0.650781 0.029687 0.104688 0.040625
0 0.716406 0.028906 0.110937 0.039062
0 0.825781 0.046094 0.085938 0.039062
0 0.385937 0.028125 0.050000 0.037500
0 0.735938 0.078125 0.065625 0.031250
0 0.784375 0.013281 0.075000 0.026562
4 0.692187 0.203125 0.100000 0.043750
