0 0.832812 0.744531 0.018750 0.054688
0 0.534375 0.421875 0.015625 0.046875
0 0.577344 0.789844 0.029687 0.042188
0 0.834375 0.877344 0.012500 0.042188
0 0.671094 0.292969 0.023438 0.042188
0 0.631250 0.803906 0.018750 0.042188
0 0.607812 0.296875 0.025000 0.040625
0 0.610938 0.852344 0.015625 0.039062
0 0.606250 0.409375 0.018750 0.037500
0 0.574219 0.295312 0.032813 0.037500
0 0.267188 0.333594 0.053125 0.035937
0 0.754687 0.874219 0.031250 0.032813
0 0.522656 0.377344 0.020313 0.032813
0 0.767188 0.816406 0.050000 0.032813
0 0.356250 0.323437 0.015625 0.031250
0 0.567969 0.359375 0.017188 0.031250
0 0.878125 0.596875 0.034375 0.031250
0 0.464062 0.228906 0.025000 0.029687
0 0.867969 0.741406 0.042188 0.026562
0 0.844531 0.907813 0.017188 0.025000
4 0.542188 0.138281 0.065625 0.026562
0 0.767188 0.799219 0.021875 0.023438
0 0.815625 0.509375 0.021875 0.021875
0 0.032813 0.366406 0.018750 0.020313
0 0.068750 0.386719 0.015625 0.020313
0 0.492969 0.425781 0.029687 0.020313
0 0.561719 0.445312 0.007812 0.018750
0 0.033594 0.457813 0.035937 0.018750
0 0.765625 0.514062 0.018750 0.018750
0 0.814844 0.901563 0.026562 0.018750
0 0.460938 0.467969 0.028125 0.017188
0 0.520312 0.409375 0.021875 0.018750
0 0.668750 0.500000 0.018750 0.018750
0 0.850000 0.519531 0.025000 0.017188
0 0.546094 0.507812 0.020313 0.018750
0 0.032813 0.478906 0.034375 0.017188
0 0.673438 0.403906 0.012500 0.017188
0 0.362500 0.225781 0.040625 0.017188
0 0.465625 0.442188 0.015625 0.015625
0 0.313281 0.196875 0.014063 0.015625
0 0.400000 0.197656 0.012500 0.014063
0 0.700000 0.519531 0.015625 0.014063
0 0.310156 0.339062 0.017188 0.012500
0 0.425781 0.277344 0.017188 0.010937
0 0.341406 0.242969 0.010937 0.010937
