0 0.843750 0.234375 0.028125 0.075000
0 0.318750 0.801562 0.078125 0.075000
0 0.317969 0.263281 0.057813 0.073438
0 0.053906 0.567969 0.026562 0.057813
0 0.350781 0.367188 0.051562 0.050000
0 0.522656 0.302344 0.023438 0.045312
0 0.718750 0.336719 0.012500 0.045312
0 0.285938 0.185938 0.015625 0.043750
0 0.762500 0.214062 0.018750 0.043750
0 0.681250 0.138281 0.018750 0.039062
0 0.640625 0.017188 0.025000 0.034375
0 0.776563 0.280469 0.028125 0.029687
0 0.460938 0.175000 0.046875 0.025000
0 0.781250 0.492969 0.040625 0.023438
0 0.485938 0.257812 0.043750 0.021875
0 0.725781 0.410938 0.039062 0.021875
0 0.102344 0.191406 0.026562 0.020313
0 0.083594 0.153906 0.017188 0.010937
6 0.386719 0.618750 0.310937 0.459375
