0 0.932813 0.629687 0.131250 0.115625
0 0.615625 0.675781 0.271875 0.114062
0 0.404687 0.450781 0.234375 0.104688
4 0.315625 0.297656 0.631250 0.101562
0 0.807813 0.600781 0.168750 0.098437
0 0.637500 0.403906 0.159375 0.098437
0 0.602344 0.524219 0.151562 0.098437
0 0.091406 0.492969 0.182812 0.095312
0 0.292187 0.716406 0.178125 0.092188
0 0.126562 0.725000 0.165625 0.093750
0 0.390625 0.550000 0.121875 0.090625
0 0.650000 0.577344 0.143750 0.089063
0 0.403125 0.357812 0.171875 0.084375
0 0.207031 0.457813 0.142187 0.075000
0 0.786719 0.517969 0.139063 0.073438
0 0.237500 0.575781 0.159375 0.073438
0 0.454688 0.628125 0.137500 0.071875
0 0.097656 0.571875 0.167187 0.065625
0 0.110937 0.639062 0.134375 0.059375
0 0.077344 0.219531 0.089063 0.035937
0 0.673438 0.300781 0.068750 0.023438
0 0.016406 0.169531 0.032813 0.020313
0 0.792969 0.242188 0.057813 0.021875
0 0.143750 0.147656 0.025000 0.020313
0 0.364844 0.205469 0.048438 0.020313
0 0.185156 0.221094 0.054688 0.017188
0 0.743750 0.064844 0.037500 0.014063
0 0.401562 0.103125 0.037500 0.012500
