0 0.180469 0.477344 0.292187 0.135937
0 0.809375 0.449219 0.275000 0.135937
0 0.373437 0.535937 0.165625 0.131250
4 0.442188 0.098437 0.759375 0.121875
0 0.739844 0.583594 0.307812 0.117188
0 0.846875 0.294531 0.162500 0.110937
0 0.755469 0.389062 0.276562 0.100000
0 0.503906 0.273438 0.229687 0.090625
0 0.435937 0.366406 0.250000 0.085938
0 0.513281 0.439063 0.201563 0.084375
0 0.244531 0.342969 0.245312 0.082812
0 0.160938 0.242188 0.150000 0.059375
0 0.947656 0.197656 0.060937 0.054688
0 0.734375 0.200000 0.096875 0.050000
0 0.153906 0.116406 0.064062 0.039062
0 0.083594 0.050000 0.045312 0.034375
0 0.241406 0.057031 0.057813 0.026562
0 0.671094 0.075000 0.067187 0.021875
0 0.317188 0.083594 0.056250 0.017188
