0 0.964844 0.222656 0.023438 0.023438
0 0.904687 0.232813 0.021875 0.025000
0 0.792188 0.319531 0.043750 0.095312
0 0.743750 0.434375 0.062500 0.078125
0 0.728906 0.425000 0.045312 0.090625
0 0.666406 0.412500 0.042188 0.078125
0 0.696875 0.546875 0.059375 0.078125
0 0.580469 0.497656 0.067187 0.098437
0 0.600000 0.518750 0.062500 0.075000
0 0.528125 0.550781 0.078125 0.092188
0 0.517188 0.462500 0.056250 0.031250
0 0.442969 0.522656 0.035937 0.076563
0 0.339844 0.525000 0.117188 0.075000
0 0.274219 0.688281 0.073438 0.104688
0 0.086719 0.760156 0.057813 0.054688
0 0.017969 0.660937 0.035937 0.075000
0 0.247656 0.394531 0.042188 0.098437
0 0.170313 0.466406 0.059375 0.098437
0 0.542188 0.582031 0.053125 0.067187
