IMG_3187_jpeg_jpg.rf.fc33278a03e4c00408c7b65cf30e58e9.jpg 340,12,526,190,5 63,232,158,329,5 100,524,197,598,5 232,250,283,316,5 63,417,122,479,5
IMG_8496_MOV-3_jpg.rf.fc45b56d3b665a1118dc59c1df945007.jpg 0,354,249,426,0 373,317,639,384,0 89,303,245,501,4
IMG_2656_jpeg_jpg.rf.fced3a639e4408a3493c5e282140d14c.jpg 304,326,410,361,6 302,208,410,241,6
IMG_2384_jpeg_jpg.rf.fdeacf82b1cb2a4c23cd66ac839b0a74.jpg 81,313,277,450,5
IMG_2587_jpeg_jpg.rf.fef52b84860aa9d22650dff735b50f89.jpg 90,316,308,388,6 316,290,527,359,6 113,357,375,453,6
IMG_2549_jpeg_jpg.rf.ff07548efb4ba62cc053c639a454085c.jpg 187,342,482,486,6
IMG_2541_jpeg_jpg.rf.ffd1faa73e8c8d08b57c0bbbbeea3075.jpg 195,256,388,457,5
IMG_2276_jpeg_jpg.rf.fc86b3e1e32fde4eb36d34b56d2b1600.jpg 437,502,585,636,0 258,494,408,617,0 60,369,329,488,0 140,20,341,128,0 237,490,395,597,0 0,306,111,398,0 397,289,534,372,0 0,157,183,239,0 316,405,386,480,0 358,212,481,283,0 447,210,570,278,0 568,452,639,518,0 298,197,465,262,0 0,88,104,153,0 28,200,218,263,0 515,440,593,502,0 155,463,410,524,0 84,581,226,639,0 235,137,376,195,0 411,388,526,446,0 0,492,44,548,0 581,71,639,126,0 232,322,385,372,0 330,169,480,218,0 0,1,230,47,0 510,333,614,376,0 619,516,639,557,0 571,148,604,188,0 581,250,639,290,0 518,304,615,343,0 505,206,589,243,0 246,7,387,42,0 574,355,639,386,0 612,0,639,24,0 445,0,495,20,0 419,71,571,126,0
IMG_2364_jpeg_jpg.rf.fd2e0098ae80ab8c63af203e9bb31b83.jpg 282,267,391,348,0 372,0,639,66,4 181,431,514,639,4
IMG_2352_jpeg_jpg.rf.fdca526fbb6b455b9626aebe6b0ee13e.jpg 343,209,618,344,2 92,276,277,324,2
IMG_2432_jpeg_jpg.rf.fc62be06e814d72e7c4d1484b90f5da0.jpg 175,313,528,417,4
IMG_2623_jpeg_jpg.rf.052f451bcb8f04fc2863ee4985eeeea6.jpg 107,294,578,460,6
IMG_2655_jpeg_jpg.rf.01cedc100bd6b211be066bff68356bde.jpg 235,143,357,215,6 229,262,358,337,6
IMG_2358_jpeg_jpg.rf.0282a8e122a9b2d03ca68159f0b55705.jpg 130,239,572,430,0
IMG_2601_jpeg_jpg.rf.0170a745dd14fe9a7e233d37eb2bd380.jpg 12,235,109,312,4 366,0,409,62,0 0,15,83,73,0 0,73,95,117,4 23,142,128,183,4 0,0,102,36,0 115,97,169,128,0 233,376,338,405,0 561,285,639,314,4 303,184,362,210,0 396,141,434,166,0 186,124,247,148,0 181,152,233,174,0 457,160,498,181,0 336,172,397,194,0 536,142,582,162,0 564,180,605,200,0 242,152,301,173,0 369,357,420,377,6 449,158,489,178,0 480,165,518,183,0 391,336,450,353,0 458,185,500,202,0 342,333,382,349,0 601,163,639,179,0 528,176,564,191,0 535,162,577,176,0 422,0,515,52,0
IMG_3140_jpeg_jpg.rf.07b501705963e648079b239031f118fe.jpg 560,293,639,370,3 299,182,348,254,3 22,105,98,175,3 255,189,307,248,3 396,198,456,257,3 526,169,565,216,3 265,115,310,159,3 40,241,116,283,3 329,121,389,156,3
IMG_8552_jpg.rf.0234be47b8beddd9445ae2ab50d6c904.jpg 383,249,612,522,0 121,200,303,357,0
IMG_2341_jpeg_jpg.rf.05dca786d127593f2a7ff91d9200ce9d.jpg 132,232,593,391,2 200,202,231,246,2 296,197,328,236,2 342,188,366,217,2 246,214,278,242,2 116,212,160,238,2 35,203,60,224,2
IMG_2324_jpeg_jpg.rf.07b9fd179f9231ebd320c89ad2a0c1e8.jpg 0,278,233,365,2 448,313,615,357,2
IMG_2313_jpeg_jpg.rf.08bb8929c9c312414e109c73033e9639.jpg 115,257,447,415,2 331,94,410,163,2 2,38,33,85,2 142,53,187,93,2 31,51,74,91,2 340,159,435,197,2 120,52,152,88,2 244,60,289,92,2 78,65,124,84,2 197,58,226,86,2
IMG_3169_jpeg_jpg.rf.05f25192ba83d2bf19c85b0bb053394d.jpg 198,268,245,326,2 560,394,639,450,2 443,255,480,303,2 113,278,152,324,2 435,261,455,298,2 410,265,435,296,2 565,270,600,301,2 534,272,562,301,2 492,256,515,284,2 428,233,451,260,2 506,250,535,275,2 614,275,639,299,2 245,420,344,484,2
IMG_8575_jpg.rf.04f01afc0cee71a00a530a5df1a7f200.jpg 17,270,639,562,4
IMG_8495_jpg.rf.04989c7669f370a25f61f18ee934af85.jpg 473,310,524,559,0 136,403,247,603,4 229,170,308,367,0 391,277,441,429,0 400,137,486,276,0 356,372,399,509,0 297,399,328,521,0 349,212,408,301,0 304,113,441,188,0
IMG_2490_jpeg_jpg.rf.0169051c8209d19066705dabc704154e.jpg 459,386,588,457,1 283,349,456,414,1 79,454,149,505,1 194,385,315,435,1 179,506,260,552,1 143,367,292,410,1 151,450,221,488,1 411,289,509,322,1 588,328,636,354,1 525,207,581,229,1 0,410,69,431,1 581,434,635,452,1 58,417,162,448,1
IMG_2495_jpeg_jpg.rf.0967cae62c2ba9321064590d2f98028c.jpg 181,294,347,382,4 541,168,639,249,0 89,561,250,639,4 422,248,460,303,6 447,298,488,352,0 283,536,405,585,0 573,250,639,297,0 604,222,639,269,0 549,326,606,368,0 427,302,453,343,0 387,336,410,377,0 310,492,387,531,4 491,336,549,374,0 366,298,404,336,0 436,442,567,476,4 557,370,621,397,0 599,405,639,430,0 525,348,589,372,0
IMG_2613_jpeg_jpg.rf.09e3d85f9c2c22261399937b38ceb3c5.jpg 35,357,350,615,4 184,224,497,364,6 184,47,292,145,6 0,353,75,431,0 364,422,453,471,6 343,472,424,507,0
IMG_2633_jpeg_jpg.rf.0ab4a2e19092e99a563738ecea4367df.jpg 1,419,134,551,4 172,262,494,361,6 172,466,275,536,6 206,576,236,638,0 425,361,496,390,0
IMG_2617_jpeg_jpg.rf.08dfb276d5744bdc6d1521adf38ef44a.jpg 395,369,479,459,0 299,289,358,364,0 312,335,373,410,0 337,275,441,346,0 182,269,344,338,6 465,245,564,313,0 588,187,639,250,0 385,188,510,226,0 504,425,597,535,0
IMG_8581_MOV-2_jpg.rf.0b9bb5412364202784f3a69dd5497156.jpg 22,262,209,349,0 430,244,606,331,0 186,301,292,385,0 40,24,526,102,4 375,336,572,411,0 490,153,594,224,0 395,217,572,281,0 249,146,396,204,0 199,207,359,262,0 264,254,393,308,0 78,193,235,246,0 55,136,151,174,0 587,109,626,144,0 439,112,501,144,0 78,62,119,87,0 39,21,68,43,0 136,28,173,45,0 408,41,451,55,0 185,48,221,59,0
IMG_2436_jpeg_jpg.rf.0b308af4eb7a3edbeb9c3b57e1aca04f.jpg 493,41,639,222,0 291,0,542,181,0 401,140,498,244,0 183,0,284,102,0 260,196,412,295,0 490,414,594,472,0 443,352,574,397,0 518,300,599,343,0 612,304,639,341,0 13,174,302,467,4
IMG_2563_jpeg_jpg.rf.0ef96778ca50178ef8a27d162fbc64f1.jpg 285,462,474,553,6 435,384,558,447,0 98,71,258,133,4 335,123,495,180,4 0,40,158,93,6 427,237,502,279,0 555,1,639,42,0 542,42,639,77,0 595,229,639,263,0 539,336,618,361,6
IMG_2573_jpeg_jpg.rf.11707e970af1eb59f2c4cde4fb7d2042.jpg 147,241,296,355,1 0,159,79,259,1 159,555,238,639,1 188,503,336,587,1 356,251,472,325,1 0,434,71,507,1 285,145,415,203,1 390,1,482,48,1 385,168,469,224,1
IMG_2439_jpeg_jpg.rf.0b6c92e736a48692a4411c9eec58990f.jpg 151,2,212,130,0 334,292,491,379,4 235,89,337,175,0 76,166,124,214,0 142,364,217,409,4 109,229,195,271,0 5,419,82,461,4 8,231,43,272,0 155,210,258,245,0 0,191,60,224,0 39,263,74,295,0 34,222,82,248,0 123,168,165,190,0 102,187,146,208,0 57,0,132,103,0
IMG_2608_jpeg_jpg.rf.14b9495da7968ef87a52b1a79d2b4156.jpg 229,184,508,441,5
IMG_8517_MOV-2_jpg.rf.0f06eb7a2100a5d59275febae063820d.jpg 231,455,300,639,0 353,98,497,275,0 417,483,482,623,0 106,113,200,222,0 517,321,616,420,0 484,414,528,500,0 34,215,113,270,0
IMG_2412_jpeg_jpg.rf.0c57a5e783549d9f84468107832c9530.jpg 101,251,639,457,0 31,153,561,295,0
IMG_8464_jpg.rf.10e7dcfa2668e95b46584ebba1a0ec09.jpg 610,135,625,150,0 572,141,586,157,0 493,174,521,235,0 456,253,496,303,0 452,243,481,301,0 413,239,440,289,0 427,325,465,375,0 350,287,393,350,0 364,308,404,356,0 313,323,363,382,0 313,286,349,306,0 272,310,295,359,0 180,312,255,360,0 152,407,199,474,0 37,469,74,504,0 0,399,23,447,0 145,221,172,284,0 90,267,128,330,0 330,351,364,394,0
IMG_2475_jpeg_jpg.rf.1383f0804e5e9ceb208eb49f8d8e472a.jpg 210,252,312,329,1 574,175,639,248,1 0,291,99,363,1 341,377,464,449,1 0,217,72,288,1 212,343,338,413,1 105,442,240,508,1 488,464,577,522,1 32,546,140,601,1 319,453,398,507,1 215,483,313,532,1 42,205,126,251,1 523,128,627,173,1 358,607,435,639,1 386,0,470,20,1
IMG_2316_jpeg_jpg.rf.110fa676fe4c7d46f0f14de121912c0e.jpg 212,288,639,449,2
IMG_2420_jpeg_jpg.rf.16ef4653c1139c74e84ba934adcb37a7.jpg 0,0,610,249,0 467,81,639,226,0 406,233,639,377,0 0,258,394,388,4 350,434,583,516,0 316,344,503,408,0 0,296,91,348,0 58,517,183,567,0 95,351,146,394,0 214,508,278,550,4 78,390,143,431,0 184,394,268,430,0 482,392,538,423,0 592,593,639,621,0 275,405,329,432,0 411,402,455,429,0 250,432,274,459,0 332,418,378,443,0 217,410,283,433,0 595,447,637,466,0 335,411,388,426,0
IMG_8469_jpg.rf.10a6c14492b90d36093f2c4d988df3bd.jpg 359,85,436,266,0 330,305,433,397,0 289,0,347,90,0 327,448,516,579,0
IMG_8538_jpg.rf.0b199afd8c7202fe3236183abb3e6058.jpg 284,376,350,554,0 192,159,288,305,0 504,215,548,337,0 514,56,557,168,0 476,211,543,318,0 223,592,281,639,0 470,409,551,454,0 210,397,267,458,0
IMG_3172_jpeg_jpg.rf.13d733fdce24f227c358e75b6c88433c.jpg 182,288,598,412,2 419,316,639,379,2 15,218,61,265,2 89,231,150,270,2 281,237,318,273,2 221,238,259,270,2 303,223,330,250,2
IMG_8523_jpg.rf.0d5537b84b442fd816ee188d8bbd36d0.jpg 367,230,420,408,0 308,19,363,139,0 320,308,385,510,0 266,346,371,452,0 404,362,453,525,0
IMG_2296_jpeg_jpg.rf.0d98ecb0b01153681557a7f5ddd8d5bb.jpg 213,74,373,141,3 100,354,258,416,3
IMG_2438_jpeg_jpg.rf.10f0b674df8a3ecdd62f5c8de4ef83e6.jpg 244,95,525,237,0 0,0,384,99,4 258,208,315,263,0 103,514,218,559,0 304,428,413,468,4 260,397,343,436,4 163,258,248,292,0 183,283,223,316,0 185,231,255,263,0 232,291,290,322,0 0,271,50,300,0 0,334,45,362,0 0,383,64,412,0 113,255,178,282,0 37,274,111,302,0 78,317,139,344,0 106,279,164,304,0 264,265,335,288,0 181,307,229,328,0
IMG_2612_jpeg_jpg.rf.0f89200ecb30ecb1901f4e070434d8fc.jpg 252,238,480,465,6 0,0,639,89,4 458,256,585,333,0 88,518,212,568,0
IMG_2595_jpeg_jpg.rf.17a691c3f3531d23a3da1c299145709f.jpg 474,0,563,47,0 582,0,632,44,0 460,6,537,46,0 551,14,622,53,0 74,76,527,607,6
IMG_2627_jpeg_jpg.rf.0f6bdf62998e7a799c50c11793211785.jpg 145,159,534,510,6
IMG_8494_jpg.rf.179785f2a0e9ad6381d12024d7629a0b.jpg 272,273,320,593,0 248,105,313,226,4 265,525,334,639,4
IMG_2335_jpeg_jpg.rf.198075641fb7029f6b2350223dae9a7e.jpg 188,264,247,331,2 180,267,203,327,2 469,314,504,354,2 558,325,621,363,2 0,314,32,351,2 443,322,482,354,2 348,297,380,328,2 315,303,352,334,2 279,298,311,324,2 353,405,472,427,2 43,313,58,332,2 31,310,44,331,2
IMG_8436_jpg.rf.1865c329da080cecd20d88ebe07d69a5.jpg 287,211,428,505,6 135,311,213,412,4 101,224,153,556,4
IMG_8581_MOV-0_jpg.rf.11727c8d08e8ca3f0da2d94366e08dc7.jpg 34,363,111,413,0 0,326,40,372,0 164,370,244,405,0 99,131,177,164,0 128,98,221,131,0 0,164,87,194,0 329,279,380,300,0 266,302,318,319,0 324,259,364,274,0 270,256,291,261,0 248,214,504,271,6
IMG_2521_jpeg_jpg.rf.15ed6439d0e37a9da1ddc86289abcb93.jpg 166,217,268,329,3 99,346,345,424,3 312,189,371,255,3 339,187,451,252,3 299,248,420,296,3 15,135,63,182,3 86,136,153,163,3 215,104,288,140,3
IMG_8527_jpg.rf.19a81a53576d5c533d059be0032de2d2.jpg 243,220,376,287,0 254,272,365,381,0 176,336,297,395,0 147,229,218,312,0 124,348,202,494,0 144,362,299,436,0
IMG_2303_jpeg_jpg.rf.1ab89de6f923fe24ff9258a976cc68d0.jpg 69,232,582,499,2 156,215,212,284,2 113,201,143,232,2 282,218,305,244,2
IMG_2620_jpeg_jpg.rf.0c7d02e183d8e9b93ecf265d9fc39664.jpg 260,212,507,329,6 512,429,570,466,0
IMG_2419_jpeg_jpg.rf.1ab083eb2a550348546bfb41452ec8fa.jpg 129,68,483,319,0 232,4,487,168,0 145,325,369,443,4 372,526,639,639,4 408,265,584,368,0 0,186,113,268,0 556,196,639,275,0 484,224,548,295,0 534,245,639,309,0 298,243,441,299,0 545,311,639,365,0 336,283,413,324,0 268,458,378,498,0 193,448,245,484,4 383,367,488,400,0 47,356,124,387,0 197,349,248,373,0 0,349,50,374,0 165,356,207,376,0 125,357,164,376,0 462,0,639,198,4
IMG_2452_jpeg_jpg.rf.1529b28a8e2997461dc8724130f5ac9c.jpg 427,51,513,156,0 358,164,516,234,0 239,315,440,383,4 524,267,568,319,0 18,204,153,252,0 539,228,639,276,0 308,386,449,428,4 0,279,81,312,0 580,276,639,308,0 191,234,288,262,0 338,235,428,262,0 420,270,514,297,0 500,284,583,311,0 321,272,410,299,0 83,252,185,278,0 85,239,162,264,0 161,252,236,276,0 0,231,20,255,0 147,108,351,184,0
IMG_3186_jpeg_jpg.rf.1b0775ba87fb4eabd23334121e96811e.jpg 468,380,550,456,5 251,294,325,349,5 190,414,286,465,5 154,238,221,282,5 448,507,510,545,5
IMG_2322_jpeg_jpg.rf.1dc976edb702d748bbed6cec3415eda2.jpg 202,392,639,594,2 275,327,639,418,2 22,2,110,75,2 381,206,504,268,2 77,174,338,224,2 535,252,639,300,2 0,94,95,134,2 386,258,496,335,2
IMG_2444_jpeg_jpg.rf.1d65cb47c3cb8ce2edc9502819b7a027.jpg 456,23,623,116,0 397,396,542,468,6 354,283,549,351,4 266,323,318,381,4 540,125,639,177,0 0,278,117,325,4 196,467,276,512,0 202,431,274,471,0 330,285,445,320,4 276,185,354,215,0 379,197,467,227,0 501,212,585,242,0 435,206,528,233,0 318,230,385,256,0 420,32,510,58,0 464,233,540,253,0 393,228,472,256,0
IMG_2393_jpeg_jpg.rf.1c52f1b134cebf8599afb226eb2dfbb1.jpg 535,90,639,251,0 178,280,437,413,0
IMG_2415_jpeg_jpg.rf.1e5be76b408923a86caeddb246dc292b.jpg 206,335,328,522,0 488,285,601,458,0 113,273,180,432,0 294,125,381,258,0 299,210,347,306,0 230,294,298,351,0 393,426,496,481,0 296,482,444,534,0 95,499,130,549,0 132,503,177,551,0 205,544,299,591,0 134,461,180,505,0 126,596,184,639,0 0,551,78,594,0 45,589,80,628,0 70,552,128,587,0
IMG_2385_jpeg_jpg.rf.1fa747cd278e3a447c66cae8ef0ca199.jpg 39,259,590,497,0 173,502,320,639,0
IMG_2401_jpeg_jpg.rf.231e379ac238aca0dfe76ddc70079c4f.jpg 0,0,149,180,0 288,422,507,566,0 236,94,403,211,0 103,435,277,528,0 435,202,522,261,0 386,88,450,111,0 478,110,509,124,0 74,136,97,148,0
IMG_2568_jpeg_jpg.rf.21d4def9496466d22ee870d84dcb022b.jpg 263,298,490,353,6 313,158,487,212,4 0,341,148,375,0 349,4,419,31,0 312,47,365,74,0 317,18,404,44,0 208,0,328,14,0
IMG_2589_jpeg_jpg.rf.1de97ec83db623494f460566ccb90375.jpg 238,123,541,260,0 187,276,420,379,6 34,497,392,639,6
IMG_2643_jpeg_jpg.rf.23549a03432a9894cf447fb7889795ca.jpg 68,188,639,639,4
IMG_8319_jpg.rf.21631f3e1f6313c7d3876eda5c7a55fc.jpg 383,123,559,479,0
IMG_2426_jpeg_jpg.rf.27319abb388b65b241856165eb779044.jpg 289,205,550,341,0 125,202,275,333,0 179,373,358,453,4 404,179,529,258,0 565,489,628,564,0 487,336,539,396,0 520,258,562,317,0 590,387,639,435,0 543,379,612,423,0 520,461,639,503,0 509,416,564,456,0 110,5,388,187,4
IMG_2417_jpeg_jpg.rf.1cffa10e779b34996f3fa1116d4f11d4.jpg 0,258,528,453,0 0,134,451,319,0 537,473,639,569,0 305,293,529,363,0
IMG_2458_jpeg_jpg.rf.23da7ecbbb543ca47f6f2534cfcb34e5.jpg 423,255,599,306,4 562,332,639,379,4 265,478,357,523,0 199,327,301,368,4 141,33,250,64,0 105,268,222,298,0 142,116,244,145,0 139,95,238,123,0 345,293,512,317,4 128,66,206,87,0
IMG_2533_jpeg_jpg.rf.1d1c2f0989627bc5548b7e17b4747150.jpg 161,289,230,471,5 382,188,434,245,5 197,262,289,308,5 285,328,488,639,4
IMG_8571_MOV-2_jpg.rf.23025cc4b401d7c181ebeb70afda4447.jpg 0,153,85,226,0 58,309,639,419,4
IMG_2451_jpeg_jpg.rf.217804ae3d710cc274fa195717a5dbbe.jpg 527,23,621,145,0 163,329,442,427,4 82,565,324,639,4 61,197,174,262,0 176,246,282,295,0 573,205,639,254,0 0,222,110,265,0 427,276,553,317,0 566,276,639,315,0 0,286,73,324,0 62,254,178,290,0 342,276,431,306,0 335,250,427,280,0 410,238,496,262,0
IMG_2483_jpeg_jpg.rf.23368ec356f7d39ab1e17845b66a54b8.jpg 433,236,575,316,1 120,412,178,474,1 192,343,308,403,1 79,244,240,302,1 118,536,222,594,1 281,268,381,324,1 362,227,435,278,1 235,508,312,551,1 15,562,92,601,1 32,601,117,639,1
IMG_2604_jpeg_jpg.rf.27232cff958464292fce715ed59f4e8c.jpg 392,359,505,406,6 543,43,601,82,0 500,72,553,108,0 440,88,488,123,0 515,12,596,47,0 574,88,639,122,0 602,34,639,68,0 77,312,182,344,6 331,126,391,156,0 461,39,517,69,0 544,131,639,161,4 80,93,144,122,0 413,69,448,97,0 448,62,492,87,0 203,195,260,220,0 288,93,338,118,0 395,105,430,128,0 130,159,184,181,0 156,109,193,131,0 270,145,319,167,0 196,113,238,134,0 346,97,380,116,0 534,0,608,19,0 104,145,141,164,0 68,130,111,148,0 288,127,330,144,0 357,80,396,96,0 205,96,255,111,0 76,175,112,188,0
IMG_2548_jpeg_jpg.rf.24d2bd4e0472f32556c24db4eb34e800.jpg 25,272,78,307,5 315,261,386,284,5
IMG_8397_jpg.rf.1b03bd38307ce1df98cb4c9223f6a9b5.jpg 200,99,262,330,4 283,186,354,374,4 303,0,359,122,4 344,371,487,486,4 229,0,272,65,4 501,569,523,616,0 139,419,154,447,0 104,595,130,617,0 481,381,507,403,0
IMG_2389_jpeg_jpg.rf.1ddf3973892b4459302215fc94e3fc40.jpg 219,267,474,423,5
IMG_3176_jpeg_jpg.rf.2850560ec7dc83df598de870a35bf37b.jpg 102,245,629,491,2 596,172,622,209,2 37,209,58,245,2 169,206,189,238,2 64,212,83,243,2 135,212,152,243,2 96,215,117,243,2 25,211,36,238,2 194,190,205,217,2 556,165,583,221,2
IMG_2550_jpeg_jpg.rf.214db9ae716fbf206ba58242a023d462.jpg 117,388,373,493,6
IMG_2299_jpeg_jpg.rf.20a135d0342170cc8f6bc19c74a35ac7.jpg 446,272,536,342,3 104,164,142,220,3 365,284,410,334,3 313,274,365,323,3 395,271,437,319,3 174,258,250,302,3 22,191,72,227,3 230,314,280,360,3
IMG_2327_jpeg_jpg.rf.287ec75a90f904647e74d153d02ec8b1.jpg 191,416,560,612,2 304,324,472,385,2
IMG_2511_jpeg_jpg.rf.04e64e7191f6b087a7660f8f57f68e23.jpg 179,211,576,464,4
IMG_8590_MOV-1_jpg.rf.2bbc125ca7ac8a05c72e586ef60ac742.jpg 287,104,554,289,1 69,237,327,360,1 416,297,562,416,1 571,223,639,318,1 0,441,63,500,1 198,531,302,582,1
IMG_2565_jpeg_jpg.rf.2bd4c00583417b96f956c0cfec134ce5.jpg 0,269,35,335,0 125,3,262,68,4 215,179,338,234,0 32,165,139,218,4 127,204,232,251,0 368,1,436,37,0 586,0,639,35,0 279,331,393,372,6
IMG_2400_jpeg_jpg.rf.282f5f55dc57c89f264f11b412f8bec9.jpg 117,316,325,434,0 422,176,546,272,0 332,448,452,543,0 503,273,617,322,0 367,253,460,294,0 525,155,548,189,0 281,199,302,223,0 461,145,510,164,0 146,179,175,196,0
IMG_2456_jpeg_jpg.rf.2b10dfc651abac872f500142c4c47840.jpg 140,304,468,412,4 453,414,528,460,0 349,388,486,434,0 294,184,400,224,0 224,237,319,275,0 432,355,519,392,0 78,232,193,269,0 456,394,522,431,0 439,186,541,222,0 437,242,564,277,4 299,249,381,284,0 300,111,401,142,0 355,260,419,291,0 203,202,291,232,0 448,92,522,122,0 9,497,78,547,0
IMG_3147_jpeg_jpg.rf.2deea196f6bab4f46152d126960e564b.jpg 164,245,564,515,3 533,208,583,248,3 10,73,127,117,3
IMG_8394_jpg.rf.2c8d444a5d461f2d9286b3d669aa2f38.jpg 224,267,295,515,4 215,401,238,437,0 143,428,211,466,0 413,321,434,336,0 407,203,426,216,0 552,267,578,280,0 550,448,564,490,0 569,521,582,542,0 481,473,493,484,0 451,412,455,427,0 542,406,562,429,0 557,419,579,452,0 152,347,171,363,0 462,224,473,232,0
IMG_8599_MOV-0_jpg.rf.2fd3f2a885b5a9e31cb2a202d21b12ec.jpg 421,339,460,375,1 391,306,437,335,1 448,232,485,255,1 526,319,571,342,1 76,167,108,189,1 185,240,217,260,1 48,256,76,275,1
IMG_2435_jpeg_jpg.rf.30151745cd631bb16999ec43161a84e5.jpg 0,244,639,639,4 405,231,486,362,0 0,412,128,528,0 53,511,107,565,0 239,509,347,558,0 0,518,25,555,0
IMG_2489_jpeg_jpg.rf.30b8b4911238fad1e880d537e0af49be.jpg 492,470,639,622,1 176,462,535,577,1 463,528,631,611,1 57,304,231,381,1 0,166,85,200,1 0,583,188,639,1
IMG_8329_jpg.rf.2e6d7cbe219d42bd481538f727f0e683.jpg 228,0,504,432,0 452,0,603,267,0
IMG_8470_jpg.rf.2d4a37786a24b268793202d550bd9679.jpg 332,40,379,200,0 388,167,471,350,0 333,350,454,446,0 312,441,518,639,0
IMG_8496_MOV-1_jpg.rf.2e8027bc25285cf7a4695be13ac56ffb.jpg 0,295,288,402,4
IMG_2558_jpeg_jpg.rf.2dce52a4f1f8baae81f629aa9e08dc5c.jpg 237,329,524,425,4 423,274,554,326,4 143,416,203,464,0 177,448,306,488,0 0,251,64,290,4 492,170,592,202,0 402,154,505,185,0 79,148,186,179,0 49,174,148,202,0
IMG_2585_jpeg_jpg.rf.2f6a68100fb833ee309b0c3d43aaf1cd.jpg 306,377,601,470,6 42,260,232,344,6 168,36,294,113,4 197,285,362,349,6
IMG_8516_jpg.rf.287f5e26605dd10b3d72e70888d82db3.jpg 114,367,221,528,0 225,347,328,506,0 214,192,280,347,0 264,0,333,148,0 207,101,283,214,0 256,176,307,278,0 337,357,412,528,0
IMG_3149_jpeg_jpg.rf.2d5a1a9607e5eac9eb1e4787f74110c4.jpg 251,104,485,376,3
IMG_2449_jpeg_jpg.rf.31bf2fcfdd805c7bb31014507daa47f3.jpg 291,26,458,113,0 420,56,528,141,0 460,107,563,185,0 0,189,201,256,0 500,0,596,59,0 265,307,384,363,4 528,113,617,163,0 371,157,461,206,0 102,298,260,343,4 465,122,563,161,0 189,217,333,254,0 614,132,639,169,0 55,136,170,172,0 238,155,348,189,0 200,169,307,201,0 0,181,136,208,0 335,178,466,205,0 33,152,129,177,0 1,327,136,372,4
IMG_2447_jpeg_jpg.rf.33dc512269bcd6a15b4751c3c3f0d1c4.jpg 358,326,478,410,4 246,314,374,366,4 451,103,574,154,0 0,113,71,162,0 352,123,461,167,0 515,196,639,238,0 561,164,639,201,0 257,188,370,222,0 159,178,262,213,0 408,182,520,216,0 75,170,158,202,0 0,159,50,187,0 45,241,198,268,4 52,185,128,210,0 124,134,200,158,0 382,163,484,184,0 150,459,254,514,0
IMG_2418_jpeg_jpg.rf.2c977aa75de14e6a78b8dc0f9b0c117e.jpg 82,379,525,527,4 121,28,250,150,0 0,262,101,375,0 152,187,244,301,0 454,113,592,208,0 161,123,270,209,0 505,309,639,383,4 22,242,98,305,0 388,198,478,255,0 262,199,328,244,0 140,251,248,294,0 348,215,380,258,0 370,381,460,420,0 296,262,375,298,4 211,233,306,268,0 333,289,416,322,0 518,272,569,301,0 391,269,452,295,0 601,275,639,299,0 554,277,594,300,0 486,298,507,319,0 396,247,455,276,0
IMG_8533_jpg.rf.318681d9eb5ec7e1634de7363e2e3b9f.jpg 413,257,514,425,3 523,190,563,274,3 190,232,248,308,3 375,222,411,291,3 506,453,539,498,3 335,141,388,173,3 458,122,488,149,3
IMG_8318_jpg.rf.3219ff3d4d5bf1a4b68815150fd146e2.jpg 174,170,413,601,0 244,156,310,289,0
IMG_2310_jpeg_jpg.rf.3040a623796dab2e8c1ffbac53533692.jpg 196,152,396,411,2
IMG_3159_jpeg_jpg.rf.3748b7fa655c218fe0f1ef60208bf475.jpg 32,0,512,143,3 186,378,338,451,3 537,123,639,202,3
IMG_8439_jpg.rf.34da15e9c40eda19beeca712fd052e72.jpg 183,83,300,586,4
IMG_2349_jpeg_jpg.rf.2e1d053b4cdceae54b081f470479da78.jpg 135,213,534,385,2
IMG_2618_jpeg_jpg.rf.33aa52f311beab55b89a27b0651a62b3.jpg 9,418,73,448,0 39,398,93,427,0 262,287,389,354,6
IMG_2362_jpeg_jpg.rf.28c6e41090047ff0c72a52c8d88cfb19.jpg 201,328,355,512,4 257,341,560,438,4 43,171,216,529,0
IMG_2564_jpeg_jpg.rf.38ab565d91fa6672ba335e4a3d9c58c1.jpg 310,330,457,408,6 422,118,520,168,0 279,68,414,113,4 141,283,277,327,0 43,160,172,194,0 81,129,159,162,0
IMG_8551_MOV-3_jpg.rf.2c4b1a5c00b43a96ed065d269d309ea0.jpg 41,154,191,209,0 73,67,213,117,0 350,250,451,293,0 17,109,130,149,0 559,300,632,335,0 303,238,359,267,0 471,20,542,38,0
IMG_2524_jpeg_jpg.rf.2242f548ec6acd6de0c899fc1ca98520.jpg 132,242,409,443,3
IMG_8461_jpg.rf.30665d3ec6bd39e9936c24d35508acac.jpg 412,161,481,301,0
IMG_2463_jpeg_jpg.rf.36bddb4fb94398044047b7345fc6c420.jpg 81,522,227,612,1 487,479,590,550,1 527,211,627,277,1 216,528,321,592,1 48,185,137,247,1 419,558,531,618,1 2,116,102,175,1 386,266,504,315,1 204,498,313,543,1
IMG_8512_MOV-2_jpg.rf.3996e2e5e472fb966256a2fef5eb5a3b.jpg 209,255,503,494,0
IMG_2403_jpeg_jpg.rf.319280a2148a48c37ecc4dfcbb2cfb96.jpg 0,215,552,491,0 0,274,152,397,0 264,128,422,230,0 53,138,152,211,0 140,180,172,203,0
IMG_2611_jpeg_jpg.rf.39cbb383fa0b99a22acbcfb757fd92b9.jpg 275,274,414,369,6 519,365,617,428,0 423,352,514,401,0 372,63,639,160,4
IMG_2307_jpeg_jpg.rf.3b5284e8b85be59d12e7f5a88068024d.jpg 270,312,340,374,2 208,269,244,319,2 92,272,138,318,2 258,274,282,318,2 381,257,404,293,2 458,263,486,297,2 594,262,614,295,2 360,260,383,288,2 442,244,466,272,2 568,259,591,286,2 87,262,111,289,2 78,268,90,293,2 480,261,498,285,2 419,264,439,285,2 547,262,559,282,2 190,265,205,282,2 268,259,292,282,2
IMG_8582_MOV-1_jpg.rf.3bab09c97209170848b37f5db94181d7.jpg 3,272,87,442,0 380,330,639,477,4 43,269,283,336,6 436,147,520,166,0 355,150,520,239,0
IMG_2283_jpeg_jpg.rf.3c31b131e2e7f5fa43917de407560292.jpg 292,307,349,380,3 168,166,227,232,3 412,347,509,404,3 162,294,232,339,3 0,260,50,303,3 72,297,133,338,3 282,162,342,195,3
IMG_2274_jpeg_jpg.rf.3d9a327d4097cfb70691313b0aa76fb5.jpg 356,279,573,373,0 0,370,158,450,0 155,164,285,234,0 430,177,639,247,0 202,251,385,318,0 235,104,463,168,0 227,154,393,217,0 399,478,568,540,0 78,28,302,90,0 259,468,465,528,0 0,78,168,137,0 0,509,183,566,0 0,289,191,343,0 447,408,637,461,0 90,418,249,467,0 0,226,128,275,0 577,570,639,618,0 268,489,454,536,0 215,472,340,518,0 583,291,639,337,0 0,560,188,605,0 115,243,166,287,0 589,14,639,58,0 193,524,370,568,0 311,327,398,370,0 427,151,552,194,0 538,524,639,565,0 320,394,463,434,0 146,379,231,415,0 273,446,449,478,0 0,372,118,404,0 338,612,510,639,0 114,612,284,639,0 622,68,639,100,0
IMG_2311_jpeg_jpg.rf.3e1c1162433f283ee5df3fe9784c4888.jpg 51,242,589,444,2
IMG_2369_jpeg_jpg.rf.4172a481ce0e8029ee9b1cf35a99d186.jpg 175,217,572,436,0 38,411,295,639,0
IMG_2429_jpeg_jpg.rf.4167be6385b7a00a92c28ab2c5908f3e.jpg 0,260,532,533,4 198,548,371,638,0 569,512,639,562,0 485,236,522,280,0
IMG_2459_jpeg_jpg.rf.3ebf3eb2ca0336f663513aaf8b5182f7.jpg 67,508,162,569,0 153,242,259,289,4 206,22,273,65,0 1,89,59,131,0 196,346,321,383,4 413,276,560,314,4 243,25,331,62,0 222,284,322,321,0 0,353,100,388,0 252,124,326,151,0 0,247,56,274,0 207,109,273,132,0 250,2,337,24,0 615,171,639,217,0
IMG_2657_jpeg_jpg.rf.3e53510315d32b0210bbcae9beaefc4d.jpg 253,270,522,382,4 0,543,52,613,0 0,470,91,528,0 69,467,131,517,0 201,91,258,118,6 283,211,307,223,0 290,236,314,248,0
IMG_2501_jpeg_jpg.rf.3f5b8202a67f83b479b48dd6fa5a4cda.jpg 271,252,368,347,4 326,0,598,78,0 538,104,612,158,0 493,287,552,321,4 422,437,475,470,0 550,252,566,279,0 582,333,611,359,0 375,372,430,398,4 265,161,296,185,0 292,426,326,449,4 575,274,623,296,0 562,484,634,506,6 228,358,283,378,0 462,264,520,283,0 391,254,448,273,0 216,270,271,289,0 280,327,320,345,0 185,290,241,308,0 352,278,408,294,0 428,297,482,313,0 486,258,540,274,0 442,286,472,302,0 182,271,234,287,0 320,267,363,283,0 182,335,202,350,0 188,348,197,357,0 208,352,226,359,0 200,367,209,374,0 155,354,169,360,0 206,359,216,365,0
IMG_2625_jpeg_jpg.rf.477d8e8ddceabe092027b18fdb73cfb4.jpg 167,202,304,416,6
IMG_8386_jpg.rf.4036edad9f54b59df308cc03483a2ae0.jpg 428,171,542,376,0 405,451,517,639,0 470,134,597,294,0 333,263,412,409,0 523,280,613,424,0 0,210,136,343,0 499,508,601,639,0 146,395,274,512,0 1,290,122,366,0 162,545,307,617,0 75,0,243,392,4
IMG_2314_jpeg_jpg.rf.3d1b361d2524914c96b27168eee6c1b0.jpg 42,472,252,568,2 381,279,482,354,2 277,151,350,220,2 491,120,533,160,2 394,127,433,159,2 545,125,570,156,2 606,119,639,150,2 223,228,337,255,2 565,133,593,154,2 475,131,494,150,2 440,135,474,153,2
IMG_2621_jpeg_jpg.rf.41263e7b0d3c68b1f7eda4452572f60a.jpg 202,253,539,370,6 541,562,610,636,0 445,572,487,621,0 423,529,454,567,0 344,521,405,552,0 394,503,423,542,0
IMG_2575_jpeg_jpg.rf.4239213c0ba0c3887bde44e215505b1a.jpg 83,338,362,499,1 215,139,406,295,1 17,250,188,392,1 392,433,510,572,1 463,181,628,312,1 144,559,323,627,1 272,508,411,569,1
IMG_8581_MOV-3_jpg.rf.3ee44fb80e6586155a6933290357ebe2.jpg 139,331,335,427,0 287,311,470,400,0 290,170,392,254,0 307,234,427,314,0 478,359,595,435,0 1,292,119,366,0 158,262,236,332,0 192,220,290,286,0 491,204,599,270,0 435,191,520,256,0 40,244,142,309,0 445,267,587,328,0 563,199,639,257,0 484,309,610,366,0 155,168,219,224,0 345,169,431,225,0 0,73,123,119,4 258,51,313,76,0 543,33,601,54,0 407,50,437,66,0
IMG_8410_jpg.rf.46091615d828aed72022364f71965b7f.jpg 247,165,415,546,4
IMG_2461_jpeg_jpg.rf.48e72ea5e777f66e78638cf097250090.jpg 7,232,205,285,4 382,535,457,587,0 563,181,639,231,0 252,364,407,407,4 372,203,488,246,0 46,345,185,385,4 0,440,61,474,4 325,241,422,273,0 555,281,639,312,0 422,232,537,263,0 582,256,639,284,0 333,335,450,363,0 344,288,438,316,0 299,263,386,291,0 376,257,457,283,0 474,259,563,283,0 277,282,358,306,0 518,276,574,297,0
IMG_2312_jpeg_jpg.rf.47b970d04ae790f8d2515e6f64822f93.jpg 0,267,501,525,2
IMG_2638_jpeg_jpg.rf.4932a8cfeb4e2039f4034d80da6409cf.jpg 142,547,292,639,6 370,447,526,534,6 0,342,90,405,4 90,157,470,445,6
IMG_8327_jpg.rf.4437e699754b28eaf2ffe95ab3bc5daf.jpg 276,133,613,561,0
IMG_2561_jpeg_jpg.rf.48875ef920c9449cf55599ce57bf6945.jpg 68,326,485,477,4 45,171,477,302,4 103,506,231,569,0 151,367,218,411,0 456,114,578,154,0 337,288,408,326,4 576,125,639,161,0 231,158,342,194,0 420,121,486,154,0 0,171,62,204,0 281,124,382,157,0 221,125,292,156,0 340,148,458,179,0 193,155,268,182,0 588,145,639,172,0 310,108,404,134,0 516,64,599,89,0 162,212,260,236,0 356,192,433,237,0
IMG_2494_jpeg_jpg.rf.4bb130bd64dae3568e8a9d088ec89bd3.jpg 0,3,193,115,0 98,97,219,178,0 107,258,329,326,4 208,104,290,168,0 121,518,318,582,0 280,168,311,229,0 215,164,239,220,0 388,457,480,510,4 323,369,479,421,4 259,309,414,360,4 0,151,33,199,0 233,500,371,548,0 262,240,323,282,0 231,225,275,263,0 86,276,146,313,0 332,228,392,260,0 139,228,251,259,0 269,226,301,257,0 0,290,66,314,0 192,263,231,283,0 160,256,205,275,0 160,273,202,291,0 140,286,178,303,0 123,301,157,318,0 65,281,117,305,0
IMG_2545_jpeg_jpg.rf.45285bb650ecb7655be2d65fb1224515.jpg 460,428,584,543,5 229,296,365,384,5 44,435,196,560,5
IMG_2427_jpeg_jpg.rf.3ea8d4035c8d786a23c3118b53b22449.jpg 246,17,545,239,0 191,293,336,443,0 28,418,180,541,0 148,191,232,313,0 565,399,595,446,0 370,384,405,425,0 441,375,486,416,0 598,453,639,487,0 316,408,360,441,0 416,419,472,452,0 507,417,561,441,0 415,379,451,403,0 548,424,612,447,0 585,460,639,482,0
IMG_8544_jpg.rf.49e0d4c3cf4877c3c335269d43f105e1.jpg 327,40,393,166,0 93,81,114,140,0 184,8,207,61,0 218,127,255,174,0 328,386,357,427,0 329,3,373,43,0 189,364,227,403,0 265,160,282,196,0 166,19,184,53,0 149,164,164,193,0 146,20,163,48,0 126,0,149,27,0 297,184,313,211,0 257,248,293,274,0 177,140,194,166,0 106,165,121,190,0 208,333,228,355,0 180,428,207,453,0
IMG_2433_jpeg_jpg.rf.4c5cde0f9fb52386fcda6c4db45aa863.jpg 0,227,395,527,4 118,180,218,239,0 360,533,513,582,0 13,563,148,607,0 232,404,320,443,4 412,280,544,318,0 2,223,71,260,0 355,357,390,385,0 253,453,342,481,4 542,427,615,451,0 535,308,564,330,0 361,353,425,375,0 462,366,538,386,0 490,350,563,370,0 420,333,484,353,0 305,351,354,370,0 451,333,495,351,0 370,325,414,343,0 573,341,606,358,0 268,340,337,356,0 541,341,578,356,0 465,316,492,332,0 357,316,395,330,0
IMG_8399_jpg.rf.44901d765fa6f72cde1a319220093ce1.jpg 318,235,418,532,4 350,199,428,383,4 190,36,273,197,4 120,483,135,543,0 487,566,503,612,0 159,382,189,407,0 164,356,171,381,0 92,531,103,555,0 390,601,407,618,0
IMG_8406_jpg.rf.4e65ecc56f987c527b993e1779aea172.jpg 530,369,574,534,4 216,409,241,561,0 161,90,249,156,0 121,350,129,416,0 51,19,133,68,0 74,374,102,412,0 232,574,248,612,0 50,429,81,466,0 247,113,273,140,0 293,489,318,515,0 325,339,349,360,0 307,325,325,343,0
IMG_8392_jpg.rf.48f68beb6a6c2c17badc5713b26aa48c.jpg 135,81,167,106,0 86,579,115,610,0 107,591,133,639,0 183,548,203,607,0 236,457,270,500,0 242,428,256,459,0 414,503,438,549,0 477,265,509,317,0 395,59,420,108,0
IMG_2480_jpeg_jpg.rf.4a3e35b287305f2ef6a7bd93ef98cd12.jpg 410,115,485,181,1 355,440,406,504,1 441,423,529,485,1 268,513,355,572,1 152,380,233,424,1 449,320,521,363,1 193,506,265,547,1 331,292,413,332,1 358,271,441,312,1 390,321,460,362,1 499,308,572,347,1 435,516,515,555,1 575,536,639,573,1 228,265,324,302,1 585,328,639,362,1
IMG_8424_jpg.rf.4d63b396960695edefa63d7cf83dd710.jpg 290,227,440,482,6 210,236,225,271,0 343,571,357,599,0 382,615,399,639,0 304,513,320,533,0 426,535,435,571,0
IMG_2487_jpeg_jpg.rf.4eff51cb40622b89d6e5055485a06779.jpg 95,367,263,458,1 302,421,466,499,1 0,351,132,426,1 175,237,298,296,1 500,418,574,464,1 414,356,481,377,1 300,329,365,371,1
IMG_3162_jpeg_jpg.rf.3c58305ef75340918cf40552f6590ef4.jpg 100,329,374,412,3 54,134,298,215,3 242,152,444,221,3 84,480,135,522,3 412,230,533,268,3
IMG_2551_jpeg_jpg.rf.542655da5f25c6d04807fc1bab0c05d1.jpg 332,285,524,448,6
IMG_2649_jpeg_jpg.rf.515aff08393dfef02e07aa8b19cf870d.jpg 298,277,430,339,6
IMG_2460_jpeg_jpg.rf.54b3c26495cc175ea16f9bbf850d23a8.jpg 0,128,142,200,0 162,165,385,233,0 160,41,190,102,0 449,350,563,400,4 370,283,521,333,4 116,74,140,121,0 77,263,198,300,4 203,325,310,359,0 127,372,253,404,4 442,422,611,476,4
IMG_2331_jpeg_jpg.rf.529f102eddffd50d8787319b5939a28c.jpg 427,120,639,333,2 235,384,435,445,2
IMG_8511_jpg.rf.503cda5f462d05ec9718af80dcab2c56.jpg 74,198,244,324,0 535,146,556,169,0 563,141,581,160,0 564,169,587,186,0 520,188,549,203,0 525,121,540,134,0
IMG_2629_jpeg_jpg.rf.5a115d036c83ff07cd4c18e65a7b30cf.jpg 143,166,622,371,6 1,363,112,500,6
IMG_2540_jpeg_jpg.rf.5c798bf18b2328a4885af94e127233c9.jpg 172,202,391,443,5
IMG_2320_jpeg_jpg.rf.59cb47e9714627a9af2c71704745561b.jpg 388,188,450,257,2 245,302,357,352,2 45,153,84,189,2 190,158,225,192,2 286,160,328,194,2 43,141,62,170,2 168,159,193,188,2 0,159,7,186,2 26,166,55,192,2 85,164,108,188,2 228,162,241,180,2 110,173,185,190,2 231,172,262,184,2 16,175,44,186,2 60,153,80,163,2
IMG_2421_jpeg_jpg.rf.4f38737c5ff00d948b450e75c64c5f9a.jpg 68,247,330,348,4 248,428,535,514,0 533,257,639,306,0 558,493,639,539,4 342,345,484,390,0 459,489,559,534,0 499,361,586,403,0 504,315,576,357,0 389,364,503,404,0 61,605,220,639,0 279,382,326,412,0 117,348,212,377,0 2,549,82,576,0 341,401,371,427,0 0,401,53,423,0 182,371,240,393,0 28,413,91,434,0 0,612,66,639,6
IMG_8572_MOV-0_jpg.rf.5328dab23bcee5086c2c07a4aeeaabe0.jpg 168,113,639,272,4
IMG_2332_jpeg_jpg.rf.54f7d2190a6a612a0b609bf4f000b8bc.jpg 137,261,405,409,2 531,121,583,170,2 323,208,520,247,2 438,114,458,152,2 452,122,475,158,2 490,131,530,165,2 395,109,428,137,2 411,92,437,118,2 610,129,639,162,2
IMG_8445_jpg.rf.592717dcca36973e0c4955e869374b79.jpg 306,37,364,167,6 0,181,49,254,0 170,183,184,237,0 435,189,448,240,0 266,110,279,152,0 464,486,483,519,0 26,269,35,301,0 254,554,266,579,0 493,537,512,562,0 128,561,137,583,0 142,330,163,352,0 23,558,35,580,0 67,593,78,615,0 276,244,283,265,0 105,545,114,566,0 376,189,380,205,0 310,202,319,217,0 235,512,242,524,0 282,214,289,226,0 243,557,253,569,0 364,244,370,250,0 424,241,466,375,6
IMG_8509_jpg.rf.5c94fdd5d07940f9d2f4563d56b16aec.jpg 319,276,362,349,4 398,415,439,480,4 336,409,348,455,0 373,490,408,522,4
IMG_2485_jpeg_jpg.rf.5c67f65929286874942cb7fd5685f7a4.jpg 218,379,398,463,1 423,359,577,441,1 91,331,173,378,1 316,262,455,307,1 497,437,639,478,1 239,335,294,363,1 170,333,242,353,1
IMG_8387_jpg.rf.531c5732ba2ef9bf8ffe7803895534d7.jpg 95,146,200,340,0 205,123,295,265,0 292,227,363,357,0 161,338,201,424,0 115,554,181,639,0 390,425,486,498,0 523,248,610,313,0 487,311,624,368,0 348,523,470,572,0 170,495,242,639,0
IMG_2516_jpeg_jpg.rf.5ac3565d0c8c1cf6504b03f82915698e.jpg 234,285,363,381,4
IMG_2422_jpeg_jpg.rf.5c92d0e358323bde0efd62670567f5ba.jpg 96,63,639,433,0 73,182,498,432,0 338,416,441,528,0 464,195,639,287,0 5,384,52,457,0 284,492,367,553,4 48,465,83,526,0 254,393,287,453,0 605,174,639,232,0 239,425,300,476,0 88,476,146,515,0 93,447,148,485,0 374,395,455,426,0 0,472,16,501,0 375,52,639,193,0
IMG_2562_jpeg_jpg.rf.5e4f7f50c3ee5b052d2f25d698793d02.jpg 547,137,639,312,0 0,482,66,522,0 44,491,160,525,0 217,490,353,523,0 94,453,203,485,0 155,453,246,484,0 182,484,256,515,0 253,458,377,488,0 33,425,110,445,0 42,334,573,488,6
IMG_2409_jpeg_jpg.rf.51cefdd85f4320ad4f5f7db9639b7b87.jpg 70,258,419,451,0
IMG_2443_jpeg_jpg.rf.6246b5cc9b3a6dc048605aaf9e66e779.jpg 175,330,354,406,4 38,80,308,146,4 395,246,510,296,0 354,242,483,289,0 398,334,455,387,0
IMG_8591_MOV-2_jpg.rf.6253674825693f8eec7f9c1d270e6b38.jpg 184,301,259,344,1 425,485,536,524,1 521,381,604,419,1 601,153,639,180,1 0,470,23,494,1 609,327,639,351,1 495,484,533,506,1 234,71,294,89,1 190,511,238,533,1
IMG_8356_jpg.rf.62619bb2ea524e351e3871bd7ca4af77.jpg 319,199,363,261,0 457,273,486,335,0 269,148,291,204,0 299,99,319,150,0 179,103,209,153,0 311,162,383,204,0 335,192,404,226,0 52,64,101,98,0 100,86,148,115,0 142,31,170,51,0
IMG_2328_jpeg_jpg.rf.6be696901cb324388d66a4d30329c41c.jpg 246,361,350,424,2
IMG_8551_MOV-0_jpg.rf.66c453234ebfa43a7c99c1c2b0140b55.jpg 199,194,426,241,0 2,114,68,182,0
IMG_2624_jpeg_jpg.rf.6bfea736a77f17fa4b9ee3951550bc6a.jpg 85,284,455,451,6
IMG_8412_jpg.rf.66f6bf6437bcf93b69bb1198837b71f7.jpg 464,169,588,356,4 347,539,372,639,0 467,566,496,639,0 377,386,398,444,0 122,150,142,194,0 160,214,187,255,0 238,511,254,548,0 237,285,311,320,0 213,246,262,274,0 398,611,408,639,0
IMG_8599_MOV-2_jpg.rf.62e0ff060587829f3c46fa93673d390f.jpg 389,320,479,380,1 361,145,422,196,1 136,371,216,410,1 344,373,437,445,1
IMG_2441_jpeg_jpg.rf.6e35b644c4ade4e5abb93be8d98d4b1d.jpg 475,1,621,146,0 97,0,274,98,0 275,0,339,82,0 355,300,452,374,4 255,146,312,211,0 59,310,131,363,4 289,394,371,447,4 47,270,101,318,0 165,227,202,275,0 119,262,172,305,0 386,213,488,255,0 0,351,32,393,0 175,184,258,226,0 188,267,226,308,0 100,229,181,262,0 0,381,28,412,0 0,251,88,283,0 320,162,380,194,0 0,275,72,306,0 299,184,350,215,0 184,233,225,260,0 322,212,398,262,0
IMG_2290_jpeg_jpg.rf.6cfc59b4cdb4a2ccb7c81aff3783d6cf.jpg 186,194,561,441,3
IMG_8408_jpg.rf.636f3c761a0a12d86d5c0543b47d5198.jpg 414,106,507,486,6 123,357,144,489,0 32,207,50,349,0
IMG_2576_jpeg_jpg.rf.638762894644ed6c108fe717332b6db0.jpg 321,71,448,226,1 115,438,268,559,1 46,245,185,322,1 325,291,455,364,1 282,375,420,446,1 405,73,490,122,1 0,269,34,305,1 448,519,556,609,1
IMG_8502_jpg.rf.6c729f9f273f7152d8157524b4d9d474.jpg 171,169,338,515,0
IMG_2282_jpeg_jpg.rf.7144b899cc667f23319396411a086eae.jpg 135,264,377,354,3
IMG_3125_jpeg_jpg.rf.6f84fde2542e57a822082d0df482f130.jpg 137,238,524,393,5
IMG_8338_jpg.rf.60d56ed504aa4bc6ed76d98493c40b06.jpg 471,126,491,172,0 492,100,508,134,0 243,321,258,353,0 127,303,151,350,0 102,391,124,437,0 61,225,80,247,0 0,236,19,357,0 456,513,484,617,0 500,586,518,637,0 433,69,446,111,0 410,68,423,106,0 299,333,315,370,0 441,261,455,306,0 437,19,452,50,0 499,239,511,280,0 495,219,514,235,0 483,295,495,324,0 458,318,472,355,0 505,307,520,341,0
IMG_8531_jpg.rf.5fd3d282ee6ebc6650a4f9e7af27caac.jpg 399,113,464,203,3 331,444,437,567,3 411,367,460,434,3 428,558,476,632,3
IMG_8571_MOV-5_jpg.rf.6df2f71f39622f3ee9dd592bcffc48a3.jpg 0,279,133,379,4
IMG_2600_jpeg_jpg.rf.6ddff2e3762bd8a620d487d42152dfc6.jpg 61,1,259,69,4 1,58,77,126,4 98,227,208,278,4 306,144,385,192,4 450,208,612,252,4 103,38,185,70,0 342,53,404,84,0 535,62,585,89,0 226,116,301,142,0 435,90,493,115,0 588,145,639,170,0 136,80,225,104,0 242,107,316,130,0 405,108,470,131,0 383,88,460,111,0 518,104,577,127,0 130,86,206,108,0 472,98,514,120,0 394,80,450,101,0 318,308,378,329,6 572,87,626,108,0 428,275,484,295,0 355,77,407,97,0 495,79,551,99,0 491,272,538,288,0
IMG_8451_jpg.rf.711c3d0f6058ab935f85ca9fcc8b7fd0.jpg 253,246,306,278,0 246,325,290,360,0 271,368,327,406,0 444,404,527,447,0 441,336,511,384,0 432,348,498,398,0 298,451,354,479,0 425,545,507,611,0 3,234,145,340,0 34,184,163,261,0 198,313,236,348,0 202,379,259,417,0 334,306,392,343,0 356,263,404,304,0 580,384,639,430,0 357,373,397,396,0 269,282,317,320,0 413,323,467,350,0 193,370,228,398,0 120,349,185,382,0 185,326,227,357,0 226,251,265,279,0 74,143,100,191,0 169,175,283,231,0 429,214,449,238,0 131,290,179,311,0 544,494,566,547,0 519,509,541,559,0 475,586,528,622,0 152,221,185,253,0 121,235,164,258,0 580,406,609,439,0 605,462,630,498,0 332,287,348,305,0 349,305,381,328,0 410,292,466,358,0 156,394,195,423,0 300,156,321,179,0 283,163,303,178,0 277,177,300,201,0
IMG_2321_jpeg_jpg.rf.68d60b9665391f708d51a9859f9476e6.jpg 279,282,415,354,2 0,161,76,233,2 516,140,581,196,2 121,128,170,165,2 384,113,406,147,2 231,131,267,163,2 369,124,397,153,2 340,132,368,158,2 279,135,321,161,2 436,131,449,154,2 189,138,224,161,2 473,127,490,146,2 452,127,470,146,2 583,128,598,145,2 492,136,514,152,2 623,140,639,153,2
IMG_8463_jpg.rf.615aecce722f737542bba2ae33c5d5d5.jpg 366,516,413,574,0 394,475,433,534,0 409,452,444,513,0 444,434,464,484,0 323,443,366,507,0 307,400,345,455,0 351,406,395,464,0 377,445,406,477,0 303,314,350,378,0 255,207,312,293,0 295,253,333,293,0 367,280,410,318,0 346,217,380,266,0 361,188,403,240,0 276,90,314,154,0 304,3,355,114,0 339,492,376,508,0 306,208,350,240,0 302,66,331,113,0
IMG_8578_MOV-1_jpg.rf.7131b77926ca05ab0dcaa76dcbefdce8.jpg 79,180,349,514,4
IMG_2399_jpeg_jpg.rf.6ddf89c58ac77d7894fa0ac1092c2e2e.jpg 183,403,472,565,0 252,170,467,302,0 522,128,573,197,0
IMG_3148_jpeg_jpg.rf.71556e17345f576dc815e9e0a18e22d5.jpg 0,128,639,538,3 383,188,444,243,3 337,170,386,223,3
IMG_2344_jpeg_jpg.rf.729c5d6ec32af6af493e2af910a9ceac.jpg 300,228,370,303,2 134,412,406,478,2 170,221,206,286,2 188,228,242,285,2 349,257,392,303,2 561,282,609,326,2 473,272,500,315,2 452,278,484,318,2 446,275,462,313,2 281,255,306,292,2
IMG_3131_jpeg_jpg.rf.748e6ea14ca4a75faac8d318a9940251.jpg 83,323,286,402,3 170,161,258,222,3 80,163,131,218,3 48,159,88,213,3 151,164,180,209,3 511,162,552,205,3 305,141,342,185,3 39,77,81,118,3 4,86,45,124,3 460,166,486,205,3 413,163,457,198,3 528,202,585,225,3
IMG_2609_jpeg_jpg.rf.7738960e9ea27a6587f947912bc35c8d.jpg 222,309,442,503,5
IMG_8496_MOV-6_jpg.rf.773e9f23040c06bc8d18e9199dd6a47d.jpg 374,226,447,277,0 0,170,151,213,0 0,308,639,456,0
IMG_2650_jpeg_jpg.rf.7845dd301038dab78c79d6c0b4e0c00a.jpg 190,272,474,422,6 263,174,398,254,6 546,390,639,441,0
IMG_8535_MOV-2_jpg.rf.7801683413ae39eb5a03ae28356175f7.jpg 350,261,420,404,3 442,241,472,323,3 490,237,529,309,3 87,76,123,143,3 410,262,447,313,3 359,268,385,319,3
IMG_3188_jpeg_jpg.rf.7813755a1eafb73a3ca19b2f8f0fb0f5.jpg 314,16,511,217,0 321,234,432,326,5 128,352,200,427,5 112,496,163,551,5 251,366,289,420,5 129,593,215,639,5
IMG_2530_jpeg_jpg.rf.797df4495644f6fe0b075133e746ad38.jpg 249,327,323,389,2 98,276,139,332,2 348,307,393,360,2 222,306,243,349,2 146,282,185,321,2 190,294,216,328,2 578,334,628,361,2 460,336,485,359,2 42,303,60,325,2 565,299,588,321,2 7,310,31,330,2 5,279,21,296,2 515,312,527,327,2
IMG_2606_jpeg_jpg.rf.723df861d76cead299021020657cb4df.jpg 278,316,445,375,6 423,28,477,56,0 474,191,515,215,0 415,224,447,246,0 398,196,438,213,0
IMG_2414_jpeg_jpg.rf.75555d258968558b749c258fca749231.jpg 151,226,461,438,0 186,0,320,134,0 504,399,612,518,0 483,316,569,408,0 562,307,622,386,0 539,244,639,316,0 575,484,639,533,0 482,566,527,607,0 529,538,592,578,0 158,526,207,559,0 452,487,500,520,0 418,482,450,515,0 263,570,356,602,0 228,526,287,555,0 383,537,434,565,0 64,566,138,594,0 0,578,46,606,0 322,510,383,538,0 476,463,508,489,0 306,543,352,568,0 104,541,158,564,0 362,503,410,522,0 432,518,461,572,0
IMG_2405_jpeg_jpg.rf.767ab12cb159e2dca055a8ed06837dc6.jpg 295,345,513,489,0 105,422,308,539,0 95,105,197,180,0 195,109,260,152,0 73,72,127,92,0 75,60,133,78,0
IMG_8571_MOV-4_jpg.rf.76f43bd518f6a079255b26df8d95599b.jpg 343,219,636,298,0 84,310,537,400,0
IMG_8537_jpg.rf.770e2bf8816cb1fcb2b574c35fa9538e.jpg 137,14,181,186,0 336,227,406,398,0 399,309,460,454,0 343,110,383,218,0 323,192,351,260,0 340,511,373,561,0 158,144,220,188,0 435,116,470,159,0
IMG_8535_MOV-3_jpg.rf.74bc4297f8c738e56480f46adadf4038.jpg 170,394,229,521,3 19,540,98,639,3 366,165,415,237,3 20,190,74,248,3
IMG_2488_jpeg_jpg.rf.7a7c79f6a2c8246de20ff4075ed8d947.jpg 321,315,510,407,1 0,491,140,572,1 0,111,20,190,1 469,325,635,392,1 19,336,202,402,1 0,442,96,509,1 334,481,445,538,1 0,321,35,376,1 221,500,317,538,1 167,407,256,440,1 278,491,351,522,1 216,487,272,518,1 0,589,81,639,1
IMG_3123_jpeg_jpg.rf.7a8a496ef318c87848830b8993e23b7b.jpg 36,112,624,467,5 415,273,560,414,5 54,221,361,361,5 1,463,130,514,5 268,453,415,492,5
IMG_2478_jpeg_jpg.rf.7ae05b4c8cc3fca7e02fd07e96f82e54.jpg 78,369,218,459,1 29,507,139,593,1 366,308,555,367,1 458,238,578,296,1 161,585,270,639,1 465,185,580,240,1 324,573,446,639,1
IMG_2556_jpeg_jpg.rf.7ba05a068477c66839775682bed8f2af.jpg 95,348,354,494,6
IMG_2294_jpeg_jpg.rf.7c2b1fd49dfbac934008838cf56970b6.jpg 496,97,582,156,3
IMG_2529_jpeg_jpg.rf.7c9198003cb369e4fb656d5b178e86c1.jpg 55,349,510,503,2 283,84,543,198,2 40,114,184,156,2
IMG_8541_jpg.rf.797a17eaafae6e7cc8be74f0af3f55db.jpg 136,298,417,636,0 557,10,639,244,0 113,167,209,216,0
IMG_2373_jpeg_jpg.rf.7b2655d7a0a8a2637415910727695675.jpg 191,284,388,403,5
IMG_8418_jpg.rf.793fce0eb4431fe4422b313d0033f7df.jpg 390,379,522,512,4 249,163,298,238,4 327,233,342,276,0 338,250,354,288,0 346,221,368,257,0 357,267,385,301,0 172,104,187,135,0 350,299,393,330,0 353,204,382,232,0 320,168,334,196,0 404,254,420,280,0 496,231,521,256,0 357,146,366,162,0 411,305,420,319,0 458,266,465,279,0 441,272,456,280,0 244,292,293,319,0
IMG_8342_jpg.rf.7be346aed254ca50e3d780821fbf50e5.jpg 297,391,515,550,0 16,219,55,333,0 112,105,153,181,0
IMG_2293_jpeg_jpg.rf.7d8c13c0ab3237f407d937bde9e8f524.jpg 218,207,496,436,3
IMG_3168_jpeg_jpg.rf.7ef4edb999857fd843a3f7a385d88c6e.jpg 294,445,355,501,2 401,289,445,343,2 432,289,480,343,2 200,279,235,321,2 528,302,563,343,2 6,285,46,323,2 256,285,281,314,2 84,284,110,312,2 225,282,237,310,2 580,288,605,315,2 244,284,259,310,2 114,292,140,314,2 228,251,244,272,2 141,278,178,292,2 0,458,206,520,2
IMG_2378_jpeg_jpg.rf.7ec34ddfc213c922b355e9378324ee7f.jpg 207,279,342,382,5
IMG_2605_jpeg_jpg.rf.7f57ae3d3ffed3583b699b775641e3ba.jpg 54,109,118,161,0 0,208,78,252,4 360,308,476,348,6 148,33,205,73,4 1,28,66,68,4 101,3,189,37,0 311,32,342,64,0 103,243,142,274,0 120,294,212,324,6 220,40,278,69,0 114,4,177,30,0 321,99,371,124,0 240,111,277,136,0 368,106,410,131,0 285,61,329,86,0 227,62,274,86,0 240,15,304,37,0 486,51,555,72,0 391,42,454,62,0 564,52,601,73,0 390,82,449,102,0 293,15,338,36,0 344,55,400,75,0 499,109,565,129,0 98,272,122,292,0 550,76,592,95,0 447,79,492,98,0 460,99,527,118,0 328,212,370,230,0 395,58,458,74,0
IMG_2538_jpeg_jpg.rf.814eb3011306d58f882298b675c016a6.jpg 221,65,391,231,5 308,441,423,557,5
IMG_2430_jpeg_jpg.rf.801bbb3c0d1804b5741bdfb8f082d85d.jpg 77,214,639,632,4 445,547,552,624,0
IMG_2467_jpeg_jpg.rf.8326eafc20c103fd6889f4e5d019c294.jpg 151,48,332,169,1 104,281,229,400,1 0,173,36,261,1 476,377,535,438,1 320,243,419,302,1 259,495,363,552,1 600,456,639,492,1 432,240,519,276,1 212,542,263,571,1 60,554,187,603,1
IMG_8590_MOV-4_jpg.rf.8136b2be6948fc2dedcb11454ae2a8a8.jpg 290,142,462,270,1
IMG_2506_jpeg_jpg.rf.87833b292813c77dfc797a332a6ed2c9.jpg 330,25,537,105,0 238,235,485,306,4 0,93,111,145,0 0,146,131,196,0 123,358,238,400,4 562,117,639,155,0 132,416,196,451,0 309,428,347,451,4 434,285,465,305,0 310,207,353,225,0 2,483,69,501,6 146,314,207,331,0 399,329,424,345,0 214,279,258,295,0 350,275,403,290,0 464,355,484,368,0 412,341,437,353,0 440,358,459,369,0 393,329,398,340,0 395,360,410,368,0 401,348,415,355,0 434,355,450,361,0 370,361,384,367,0
IMG_3135_jpeg_jpg.rf.7ee1bb2ac5d23387764c1200415c1b64.jpg 25,222,67,282,3 114,225,172,281,3 88,225,120,265,3 379,210,402,248,3 414,211,456,248,3 337,212,362,246,3 401,270,480,302,3 538,243,593,265,3 0,234,15,281,3
IMG_8378_jpg.rf.7f7097fba6aaf9120428c1faecc626cc.jpg 303,345,391,554,0 282,205,366,324,0 148,194,182,267,0 327,519,358,569,0 187,200,239,239,0 388,9,444,83,0
IMG_2482_jpeg_jpg.rf.895389220ec005d35f32b01c9687392f.jpg 157,401,345,542,1 9,462,168,573,1 320,200,479,292,1 0,477,59,587,1
IMG_2603_jpeg_jpg.rf.84fd58e811984e4785eeae2262750afb.jpg 222,420,349,478,6 194,37,241,87,0 188,126,296,161,4 163,117,201,152,0 476,185,514,214,4 0,56,61,84,0 102,84,213,111,4 0,71,17,97,0 30,79,95,105,0 427,206,474,232,4 339,208,375,233,4 486,321,560,345,6 264,295,387,318,4 65,117,124,139,0 380,112,444,132,0 298,126,353,145,0 193,127,236,144,0 130,110,185,127,0 337,159,387,176,0 184,266,249,282,4 413,148,468,165,0 439,117,494,133,0 466,130,528,146,0 308,147,359,162,0 218,113,261,128,0 364,145,401,159,0 513,127,558,141,0 371,140,410,153,0 468,144,520,158,0 388,130,432,143,0 549,218,570,228,0 532,216,539,223,0 582,219,589,226,0
IMG_8545_jpg.rf.8bd8a0ec0e0e30c3c8e23871bddd9fb1.jpg 275,58,360,302,0 248,211,294,325,0 78,442,129,555,0 335,453,391,531,0 219,37,265,102,0 195,0,261,54,0 400,298,452,348,0 145,550,226,587,0 37,211,58,266,0
IMG_2594_jpeg_jpg.rf.7ea6f81714a61df96c686e7808d33573.jpg 0,361,152,559,6 178,334,584,493,6 0,78,162,132,6 385,201,638,378,4
IMG_3138_jpeg_jpg.rf.8a8684fbfa52236dd3716f5f68eec7c4.jpg 249,178,287,235,3 293,183,329,238,3 32,116,80,168,3 350,185,385,234,3 312,325,486,373,3 250,110,269,151,3 322,122,349,162,3 521,169,571,205,3 269,113,304,148,3 387,204,427,237,3 130,19,161,46,3 547,215,595,249,3
IMG_8402_jpg.rf.8a3e042752cb2228e9480bce20f53bfa.jpg 148,531,182,636,0 379,278,397,320,0 400,402,442,438,0 88,556,126,590,0 451,444,462,478,0 484,459,498,476,0 450,155,515,390,6
IMG_2537_jpeg_jpg.rf.81d29b9f422aaf8f427d688897e9e5b4.jpg 229,266,639,567,4 163,193,378,399,5
IMG_8450_jpg.rf.89887a19ea32ad573ce14b2f03fd10c9.jpg 403,48,434,145,0 423,388,450,468,0 423,76,461,156,0 489,318,511,397,0 477,376,525,449,0 508,339,533,405,0 466,306,496,370,0 594,372,615,436,0 287,247,310,308,0 542,378,566,439,0 401,283,450,341,0 419,195,447,251,0 527,450,554,505,0 552,524,578,580,0 393,226,417,281,0 445,550,468,604,0 563,459,581,513,0 543,416,565,469,0 440,359,457,412,0 530,415,547,463,0 449,216,491,258,0 388,165,418,205,0 513,588,532,626,0 471,117,485,155,0 492,561,519,596,0 373,65,393,100,0 585,607,600,639,0 577,44,591,72,0
IMG_2653_jpeg_jpg.rf.88b6eef467479a453217942b2a1506c2.jpg 297,301,460,386,6
IMG_2440_jpeg_jpg.rf.83f667588567105b98198c835f7f6575.jpg 162,0,252,114,0 99,0,156,103,0 295,69,400,167,0 334,294,429,389,4 114,162,158,214,0 176,372,248,420,4 169,227,237,271,0 26,231,74,274,0 0,272,38,309,0 28,189,101,224,0 201,212,309,247,0 55,267,102,301,0 1,232,50,263,0 72,223,130,249,0 133,187,196,210,0 160,167,212,189,0
IMG_2639_jpeg_jpg.rf.834eef2a092344d6504c69e23cf7150a.jpg 76,105,406,388,6 70,479,215,578,6 154,608,256,639,0
IMG_8517_MOV-4_jpg.rf.81564b46f543c503e03bb6c86ec65247.jpg 0,439,74,635,0 0,111,40,251,0 42,104,163,252,0 394,62,471,185,0 279,49,420,210,0 351,267,430,372,0 295,230,372,347,0
IMG_2566_jpeg_jpg.rf.852293ec4246a590e548ac7492378fc8.jpg 230,356,482,470,6 327,33,444,71,6
IMG_2634_jpeg_jpg.rf.7f7ecf790b4e7e9d3a2e5a92dc0c3c39.jpg 142,276,342,395,6 0,492,193,578,4 173,506,307,577,6 309,500,354,544,0 352,459,405,494,0 455,414,484,445,0
IMG_2472_jpeg_jpg.rf.8c8559810f3dbc8c4e67ac1fdc524584.jpg 289,46,350,162,1 452,422,606,532,1 102,103,231,194,1 338,271,428,343,1 365,427,459,481,1 76,410,238,475,1
IMG_2330_jpeg_jpg.rf.8d64aa2342492093489d0373a6e3ac69.jpg 324,272,514,392,2
IMG_3174_jpeg_jpg.rf.8d16f5bc17d38d2443f74858e5393717.jpg 191,247,486,387,2 81,136,118,210,2 587,169,639,235,2 512,161,562,225,2 44,146,71,202,2 478,164,507,209,2 456,151,475,189,2 17,169,42,201,2
IMG_2619_jpeg_jpg.rf.8e924a1a0e490dc09fa752cbbd2e2d46.jpg 180,244,465,318,6 247,421,323,452,0
IMG_2504_jpeg_jpg.rf.8c2f4fd4a7cc19337659a3d284b9d89d.jpg 209,0,349,119,0 0,0,60,98,0 272,122,330,193,0 155,129,230,200,0 304,147,342,214,0 427,171,495,227,0 197,304,271,355,0 147,188,202,236,0 545,0,623,48,0 185,361,267,408,4 490,405,600,448,4 183,212,236,250,0 555,303,622,327,4 549,524,613,543,6 502,350,572,368,0 613,495,639,521,0
IMG_8496_MOV-4_jpg.rf.912476c1cc860cc89da978f715fb4ad8.jpg 260,314,401,444,4 213,368,639,466,0 0,368,185,410,0
IMG_2580_jpeg_jpg.rf.8ed0b9ac9d08803d1cd435dccc5aea75.jpg 0,0,389,281,4 347,440,559,552,6 116,261,234,298,6 311,0,472,22,4
IMG_2500_jpeg_jpg.rf.9287f162a6d7057eb2e104f2ddbd27d3.jpg 210,289,420,389,4 113,518,225,556,0 42,306,89,338,0 40,333,122,362,0 154,305,200,331,0 221,304,268,330,0 81,344,143,366,0
IMG_2654_jpeg_jpg.rf.910801391d68687a7a2340f0c050668b.jpg 188,228,312,312,6 385,576,424,615,0 260,611,338,639,0 176,35,306,130,6
IMG_2365_jpeg_jpg.rf.8e70e3e7325143ea21460ff357eafe93.jpg 128,242,354,403,0 8,0,436,204,4
IMG_2515_jpeg_jpg.rf.8f0f57557260b5ea1271839b88289d99.jpg 145,324,392,425,4
IMG_8398_jpg.rf.8dd9e103d23042b74c81ef534be96fb2.jpg 217,0,295,331,4 227,0,289,167,4 325,121,415,277,4 259,331,406,485,4 503,550,520,616,0 145,459,158,501,0 111,603,142,639,0 470,413,500,437,0
IMG_3142_jpeg_jpg.rf.8eab9efa97bc4fc63638f43a8e601e7a.jpg 67,31,231,97,3 232,324,328,372,3 52,149,176,229,3
IMG_2554_jpeg_jpg.rf.90e627558f586e1462a4701139ec60dc.jpg 190,212,430,443,6
IMG_8517_MOV-0_jpg.rf.944d5560d0b1b78573d043fcf38a93c7.jpg 463,174,595,353,0 160,195,271,312,0 481,62,541,178,0 66,0,225,84,0 58,1,114,52,0 169,285,223,360,0
IMG_2553_jpeg_jpg.rf.92de376f6ce0335e89f33f2419f8b01d.jpg 142,160,362,454,6
IMG_8328_jpg.rf.92976badab75acb1fe3f16e1b0745881.jpg 118,51,600,517,0
IMG_8547_jpg.rf.9607780b383c3212767919be07a89d64.jpg 18,182,119,479,0 64,443,106,499,0 301,98,335,152,0 556,591,625,639,0 330,535,384,584,0 558,0,612,57,0
IMG_2370_jpeg_jpg.rf.967053348e04bd71d036d25032e61be1.jpg 155,272,592,387,0 0,282,60,335,0
IMG_2508_jpeg_jpg.rf.93f378629b3db3c208d214cbcf599e6d.jpg 178,315,455,448,4
IMG_8416_jpg.rf.903ff7c6c18043188f24191e6edde987.jpg 531,126,549,174,0 179,489,229,537,0 185,145,222,192,0 26,345,43,382,0 208,219,241,251,0 327,179,342,208,0 456,201,464,230,0 178,105,188,133,0 482,123,494,151,0 430,76,442,101,0 402,0,418,22,0 488,170,506,189,0 280,104,310,120,0 487,308,513,323,0 297,158,325,172,0 452,256,477,270,0 57,116,74,129,0 48,95,59,102,0 148,249,347,543,6
IMG_8477_jpg.rf.92fa2dad1eaaf1773a529899fc4b8980.jpg 472,138,518,234,4 282,51,352,109,4 397,335,453,386,4 343,485,362,521,0 462,558,478,591,0 332,297,344,328,0 202,419,211,446,0 451,403,464,426,0 471,385,483,404,0 188,478,198,495,0 239,433,254,450,0 379,519,399,535,0 397,210,404,226,0 400,266,407,282,0 436,401,445,417,0 413,228,421,239,0 398,163,405,174,0 433,552,451,562,0 511,124,515,131,0 229,429,241,436,0 253,358,292,469,4
IMG_3182_jpeg_jpg.rf.94d1a38fa1e4c38de45a7ab56ce0db06.jpg 476,228,579,346,5 132,379,236,495,5
IMG_3157_jpeg_jpg.rf.90de5fecd2b20c841f879e869c748f61.jpg 497,448,639,596,3 254,0,639,122,3 352,181,538,248,3
IMG_2597_jpeg_jpg.rf.8dd5a34ac3f7709a46d51836ccb8dcdb.jpg 154,0,416,69,4 138,290,289,341,6 355,282,460,317,6 268,75,345,102,0 457,0,515,25,0 102,42,159,61,0 42,0,148,8,0 260,7,281,26,0
IMG_8512_MOV-6_jpg.rf.96b26953805ccf172c9b7d456fc397bd.jpg 258,379,547,606,0 85,136,241,351,0
IMG_3151_jpeg_jpg.rf.97533d2e8e0fca985bbd28fb579a83e2.jpg 228,292,411,362,3 347,106,422,166,3
IMG_2560_jpeg_jpg.rf.9754f6fa5193e7cb29eab771ee605366.jpg 135,343,376,477,4 75,189,436,314,4 484,527,639,616,4 528,351,605,396,0 65,80,176,120,0 217,128,318,164,0 563,122,639,157,0 473,164,580,197,0 299,99,384,131,0 65,121,170,152,0 231,50,310,80,0 442,429,519,458,6 181,90,265,118,0 236,0,312,26,0 222,83,284,107,0 0,422,104,479,4
IMG_3137_jpeg_jpg.rf.96d59dcda31d7b6a78d205fb6782dbfd.jpg 228,300,433,444,3 522,53,579,113,3 446,105,526,168,3
IMG_2592_jpeg_jpg.rf.9b760d923489e59e36d0b3f850913f6d.jpg 196,276,492,383,6
IMG_2520_jpeg_jpg.rf.9a314d1549f1b68acc7a2d03a8a7d04e.jpg 343,196,525,307,3
IMG_2527_jpeg_jpg.rf.9900245b9064275b6f24d72d70b70927.jpg 218,264,565,413,2 140,312,239,364,2
IMG_2610_jpeg_jpg.rf.a35f9c50a1cde66727e2f83d960325cc.jpg 207,214,397,400,5
IMG_2374_jpeg_jpg.rf.a2aaca341fb294b6f35b67fe4666d1b1.jpg 222,313,433,452,5
IMG_8595_MOV-2_jpg.rf.a04d4bc2285de0d1315c3f4dd1246306.jpg 116,327,276,421,1 349,361,504,438,1 411,248,543,331,1 335,330,456,384,1 127,455,222,526,1 18,543,161,625,1 319,485,449,560,1 373,464,536,546,1 457,433,588,496,1 460,535,633,580,1 389,566,517,638,1 523,167,639,246,1 319,70,525,143,1 52,2,240,90,1 177,70,302,153,1 8,146,151,233,1 3,67,118,125,1 302,2,458,55,1 309,163,396,300,1 212,227,297,294,1 537,4,639,125,1 0,390,107,448,1 57,368,202,445,1 224,380,370,448,1 525,344,624,411,1 329,129,476,167,1 373,200,424,225,1 373,157,492,212,1 621,361,639,405,1 508,589,606,615,1 195,464,274,494,1 0,371,88,409,1
IMG_2552_jpeg_jpg.rf.9b5c5d9b1570612df17db47351454f53.jpg 105,176,269,407,6
IMG_3130_jpeg_jpg.rf.a1c33d25a42daa4b9b0f641861f15981.jpg 365,171,499,278,3 112,179,169,242,3 95,174,140,225,3 256,157,294,196,3 179,202,238,237,3
IMG_8571_MOV-0_jpg.rf.a157ada885a777435c0b19fd9f00e364.jpg 0,188,595,320,4
IMG_8593_MOV-2_jpg.rf.9d6fe5470f73535bf33858dc39f4b2f0.jpg 398,114,537,194,1 356,201,482,260,1 471,363,550,413,1 591,458,639,503,1 248,428,329,470,1 457,601,573,639,1 62,479,101,515,1 185,282,263,317,1 287,223,348,255,1 324,445,375,473,1 82,0,209,26,1 52,305,99,331,1 542,523,590,548,1 8,245,36,268,1 619,403,639,423,1 421,287,479,307,1 494,226,527,245,1 502,485,537,503,1 152,388,199,403,1 171,584,236,622,1
IMG_2445_jpeg_jpg.rf.a289020df935f8178c2e64ac3b330da8.jpg 465,529,551,603,0 240,256,354,317,4 484,169,602,224,0 269,308,413,361,4 476,213,632,266,0 132,318,262,366,4 308,179,415,220,0 453,236,558,272,0 528,205,623,237,0 285,182,378,231,0
IMG_2286_jpeg_jpg.rf.9b777f2ef1d9846b75d72d30c911c052.jpg 146,249,539,367,3 467,55,572,163,3 400,68,455,169,3 515,64,593,158,3
IMG_2641_jpeg_jpg.rf.a22b84f38773dbccc7e1ad88980f45f1.jpg 145,237,492,392,6
IMG_8357_jpg.rf.a19802097157306911f04becc44e15f1.jpg 535,48,569,112,0 358,100,383,160,0 462,93,491,150,0 385,148,463,196,0 420,0,444,38,0 417,38,484,74,0 460,0,497,29,0
IMG_2498_jpeg_jpg.rf.a24a02191b4529ad16556e5fcad36ac7.jpg 0,152,603,428,4 267,84,595,157,4 39,56,137,112,0
IMG_3160_jpeg_jpg.rf.a1baba35e00239019c39550e6e87588d.jpg 232,342,388,464,3
IMG_8466_jpg.rf.97f36e6617cade673e719e6768feb955.jpg 1,373,77,468,0 0,264,54,370,0 106,169,140,251,0 166,273,241,343,0 108,312,220,391,0 292,252,371,335,0 252,100,327,186,0 249,107,288,143,0 399,79,471,117,0 400,282,473,374,0 557,218,604,276,0 544,145,585,207,0 566,109,603,155,0 144,83,203,114,0 576,8,616,33,0
IMG_2481_jpeg_jpg.rf.a3fe8fa3d006c099aea50e203698983f.jpg 22,63,122,141,1 45,414,136,488,1 470,273,559,339,1 5,240,97,299,1 222,422,326,478,1 143,522,199,577,1 31,291,120,343,1 230,314,306,366,1 542,157,638,208,1 252,532,338,578,1 350,573,419,616,1 46,565,139,608,1 287,319,377,359,1 161,339,245,372,1 365,331,440,360,1
IMG_2640_jpeg_jpg.rf.98ce11a18c7cf56959c2b763fb9c216f.jpg 171,179,638,385,6 177,469,211,505,0
IMG_3170_jpeg_jpg.rf.96c72859d3dbdb01ff0fe277831def02.jpg 158,216,524,585,2 314,26,358,88,2 404,53,445,109,2 366,39,398,81,2 115,60,149,95,2 0,30,38,94,2
IMG_2350_jpeg_jpg.rf.994a919d8289a782b796b76692c3084e.jpg 322,195,507,292,2
IMG_8594_jpg.rf.9a6866ab84fa98ebe85aff50f46b137f.jpg 405,371,487,510,1 411,15,457,143,1 448,440,533,559,1 197,426,248,542,1 460,234,541,348,1 157,492,214,605,1 93,269,157,380,1 516,283,585,388,1 379,409,442,512,1 0,374,28,477,1 442,55,482,154,1 293,43,323,142,1 214,217,295,315,1 249,482,295,579,1 262,93,293,190,1 208,277,273,374,1 330,125,403,220,1 349,81,390,174,1 156,274,217,364,1 118,208,163,298,1 77,187,119,276,1 62,385,111,474,1 518,430,585,518,1 288,373,356,461,1 403,527,457,615,1 540,1,634,87,1 358,349,412,433,1 365,230,460,310,1 136,37,195,116,1 110,132,172,210,1 179,405,210,481,1 293,273,343,347,1 225,143,259,217,1 244,1,284,70,1 304,1,338,69,1 177,233,222,301,1 384,573,458,639,1 450,309,498,376,1 52,218,81,286,1 64,476,121,542,1 146,196,172,258,1 350,287,387,345,1 48,178,86,236,1 395,294,447,349,1 118,1,174,56,1 470,92,518,147,1 464,206,503,258,1 392,191,443,243,1 195,373,230,421,1 206,448,266,495,1 265,577,296,623,1 282,227,339,272,1 374,508,440,552,1 197,201,223,243,1 25,404,65,443,1 494,333,513,368,1
IMG_2507_jpeg_jpg.rf.a65012a4f9c03e5ba3e830ed1d17a89a.jpg 319,271,469,427,4
IMG_8512_MOV-0_jpg.rf.a44563814ec2b09d1096f5acbd5a7fbc.jpg 412,230,445,259,0 432,165,468,197,0 457,193,484,223,0 510,211,543,235,0 532,213,560,242,0
IMG_2376_jpeg_jpg.rf.a67d3b9ed7952f00b1b348b79634512a.jpg 254,310,372,430,5
IMG_2402_jpeg_jpg.rf.a7b489eaaaf6723fa051e885f31fe657.jpg 59,335,320,514,0 255,239,420,356,0 429,119,468,150,0 194,167,247,196,0 258,74,299,102,0 88,41,145,65,0
IMG_2647_jpeg_jpg.rf.a9da769757992935b8d34614c66e43ff.jpg 295,303,391,351,6
IMG_2590_jpeg_jpg.rf.a5f4539cb9ceb3c42e9c9d8378a47e4e.jpg 452,82,639,217,0 273,222,570,334,6 86,377,412,584,6
IMG_8534_jpg.rf.a7e44dd44f6c9ad100b8b754e37f4a35.jpg 290,274,369,333,3 361,273,401,326,3 325,295,422,411,3 39,239,82,327,3 163,259,215,320,3 172,169,223,215,3 69,236,103,304,3
IMG_2306_jpeg_jpg.rf.a39e949b49f6d02a14e86044af244c77.jpg 298,272,366,349,2 245,234,268,272,2 372,236,395,271,2 471,234,492,268,2 404,220,430,247,2 605,231,623,257,2 433,244,468,270,2 500,236,520,260,2 516,234,530,256,2 350,238,365,256,2 571,244,586,258,2 316,237,337,260,2
IMG_8486_jpg.rf.a969de02f21de4fd91f6575cec7a5871.jpg 210,331,341,431,0 395,292,464,354,0 382,211,461,246,0
IMG_2536_jpeg_jpg.rf.aaed4fcd103c83645857ce46207bdaea.jpg 172,301,475,453,5
IMG_8578_MOV-2_jpg.rf.ad45d61f98cff0e8667c5c383b62cf6c.jpg 110,218,446,465,0 1,85,239,270,0
IMG_2503_jpeg_jpg.rf.a89afd1cdb7c58d8931b2dac75b289fa.jpg 180,219,470,552,0
IMG_2394_jpeg_jpg.rf.ab6221256fdb922831385f7fb4c4c954.jpg 427,249,559,398,0 116,272,229,418,0 238,172,322,240,0 553,91,639,144,0 0,140,18,189,0 133,152,190,182,0 355,199,392,223,0 30,128,73,145,0 460,75,473,89,0
IMG_8493_jpg.rf.ab82d7a36f579b96ec9fb138d02d244a.jpg 255,1,313,404,0 139,503,237,629,4 337,0,401,301,0
IMG_2315_jpeg_jpg.rf.aba4190ab72582ef7f3b6fdcce41db24.jpg 267,213,346,278,2 220,327,312,391,2 56,182,76,220,2 75,188,120,223,2 0,192,64,224,2 180,188,224,218,2 378,280,479,307,2 135,192,163,218,2 119,194,138,218,2
IMG_2513_jpeg_jpg.rf.b140cc3f5d4146b1ad3f1bd971fd3b58.jpg 185,43,555,129,4
IMG_2406_jpeg_jpg.rf.b136d80814023e28864def9cce601be1.jpg 232,287,480,423,0
IMG_2462_jpeg_jpg.rf.b1d6d1d6cb173c6369c96d2d2ab8e238.jpg 0,239,125,294,4 530,191,639,244,0 15,358,182,407,4 500,542,550,589,0 478,367,597,413,4 403,233,512,266,0 357,221,472,253,0 292,299,361,329,0 366,338,480,367,0 560,282,639,311,0 321,258,418,286,0 343,295,430,323,0 442,266,524,289,0 492,279,563,302,0 304,272,355,295,0 620,254,639,274,0 109,407,292,477,4
IMG_8476_jpg.rf.aec7173d99bd25baf9bb7a5616c7b57a.jpg 338,232,367,367,4 161,99,206,180,4 355,39,429,97,4 228,281,280,334,4 163,320,203,364,4 247,569,258,609,0 286,541,303,578,0 220,541,236,577,0 206,437,214,472,0 304,345,315,379,0 171,475,183,508,0 399,537,414,564,0 225,607,235,625,0 362,393,369,411,0 374,396,383,412,0 371,370,379,386,0 199,467,205,481,0 239,172,244,185,0 219,235,227,248,0 228,275,235,283,0 235,282,242,289,0 185,231,192,238,0 220,471,233,507,0
IMG_8517_MOV-3_jpg.rf.b161717b02ec4395718f6f75b258172b.jpg 40,111,194,268,0 70,319,152,433,0 581,174,639,254,0 176,265,338,440,0
IMG_2502_jpeg_jpg.rf.b7ad320accecb7f2c9dc21bc4e1f6129.jpg 91,220,452,372,4 501,125,639,209,0 580,17,639,99,0 620,272,639,302,0 548,344,606,369,0 489,344,542,368,0 544,559,639,615,0
IMG_2375_jpeg_jpg.rf.b57c829184766cb23f9e560a9b0b598c.jpg 46,227,634,451,0
IMG_2386_jpeg_jpg.rf.b81b72e1d80be48dc9d0d164d9be9a2b.jpg 197,310,320,519,5 220,147,300,290,5 505,45,639,172,0
IMG_3133_jpeg_jpg.rf.ba3a22b6dadd6095615c6bf83b3a1aca.jpg
IMG_2539_jpeg_jpg.rf.b69b7eebe3eb33c8d27cfe6b7b85ce1b.jpg 245,80,436,251,5 209,464,334,592,5
IMG_8405_jpg.rf.b3cab830dd3adafe34b806288c3350f9.jpg 533,410,558,553,4 265,335,322,434,0 169,376,201,434,0 478,32,494,87,0 492,43,507,97,0 376,46,394,96,0 504,12,522,60,0 352,31,362,74,0 385,604,398,639,0 68,279,90,311,0 109,406,123,438,0 176,448,194,472,0 598,137,607,160,0 227,477,259,498,0 302,155,310,173,0 431,463,449,480,0 615,140,622,156,0 537,176,548,188,0 396,300,413,312,0 571,166,583,178,0 174,479,201,488,0 217,265,236,289,0
IMG_8517_MOV-6_jpg.rf.b7565ae45be77bdb90083c328d1a7913.jpg 482,73,601,183,0 127,310,285,469,0 469,103,544,193,0 318,213,329,231,0 291,200,304,222,0
IMG_3122_jpeg_jpg.rf.b4f82efb0d14252aa5c55df4f7992839.jpg 1,43,511,455,5 374,332,622,511,5
IMG_8512_MOV-3_jpg.rf.b8f98829b97605cc27376490282c7747.jpg 0,535,109,635,0 273,123,318,171,0 293,210,330,263,0 254,94,296,138,0 230,39,268,69,0 235,11,272,40,0 307,216,341,264,0 326,163,345,191,0
IMG_2390_jpeg_jpg.rf.afe3744c0f3db820ac6a867c12d70d81.jpg 113,292,540,506,5
IMG_3158_jpeg_jpg.rf.ba6d7ebaf5edc4337700a49a91898b3e.jpg 479,289,634,423,3 344,225,490,264,3 101,97,303,214,3
IMG_2528_jpeg_jpg.rf.bb42f8c620bda6a7ce6933134b23fe8c.jpg 68,254,352,377,2 350,318,505,358,2
IMG_2584_jpeg_jpg.rf.b5c9cc559efd48bc4d32a39a495d1d5e.jpg 0,480,60,546,6 330,302,482,365,6 200,300,327,359,6 256,77,393,115,4 384,258,475,294,6 154,136,256,168,4 548,162,602,194,4 363,15,434,43,0 383,6,450,32,0 423,6,494,31,0 501,17,556,42,0 231,6,263,30,0 450,40,492,60,0 478,0,526,17,0 411,116,475,144,4
IMG_2596_jpeg_jpg.rf.bac05031aaaea264a1418e736465ce4d.jpg 425,227,540,288,4 587,140,639,175,0 619,181,639,209,0 205,143,409,480,6
IMG_8551_MOV-2_jpg.rf.bc05fcc3d5c6482d8ae3136d2c63d57c.jpg 324,0,402,87,0 82,190,223,252,0 90,458,133,519,0 318,122,401,167,0 452,330,588,372,0 469,107,527,131,0 527,71,559,93,0 490,354,638,402,0
IMG_2368_jpeg_jpg.rf.bcfca06eb8ea845a64d8ee932d51109c.jpg 154,285,449,489,0 265,470,435,588,5
IMG_2542_jpeg_jpg.rf.bf3244d325bf0993d9c5387d1c3e3641.jpg 455,464,577,573,5 463,385,563,456,5 73,409,237,475,5 168,347,285,411,5 114,217,168,254,5 221,272,277,307,5 170,249,235,282,5 122,137,172,190,5
IMG_8549_jpg.rf.be75a1def027465d23fcf70df3220ef7.jpg 125,299,319,455,0
IMG_2382_jpeg_jpg.rf.c0aedfe8fe8ed7cfeeeb392f706aad50.jpg 76,238,607,443,0
IMG_2652_jpeg_jpg.rf.bf07a37dbaa2cf0bfd028306d94da0ca.jpg 0,263,572,464,4 453,440,485,533,0 405,552,522,618,0
IMG_8383_jpg.rf.c079b61f219da5ec91a7defa1dd168d0.jpg 268,316,323,529,0 356,217,430,412,0 470,326,506,436,0 490,408,545,499,0 487,506,526,610,0
IMG_8478_jpg.rf.c1afd300f09085a1fbe02d0ee83cb19a.jpg 332,383,400,439,4 341,443,360,476,0 362,516,379,542,0 412,605,433,624,0 429,550,450,567,0 410,537,430,551,0
IMG_8551_MOV-4_jpg.rf.c216ee099a1e24bb8a10f7756551365d.jpg 308,305,395,341,0 578,326,639,369,0 206,192,291,230,0 421,141,517,184,0 263,120,338,157,0 147,129,209,159,0 192,136,234,170,0 133,143,176,173,0 466,68,526,88,0 137,78,175,103,0 462,37,520,58,0 426,14,469,42,0 200,244,247,290,0 226,114,269,143,0 311,67,346,96,0 597,56,639,118,0
IMG_2359_jpeg_jpg.rf.a3d1b4337237ef5e453b33f4aaaf0b50.jpg 476,294,639,431,0 248,322,432,451,5 11,551,424,639,0
IMG_2292_jpeg_jpg.rf.c23ca5963dbd7b57ce1145006018a6bd.jpg 122,150,543,405,3
IMG_2598_jpeg_jpg.rf.c4ec6b62b75762adf7aec0353d11f444.jpg 201,178,612,578,4 110,74,152,125,0 52,77,98,127,0 138,96,192,140,0 23,139,88,173,0 0,3,148,62,0
IMG_2572_jpeg_jpg.rf.c3cef3c4c6b9819c426eb78bb35d658f.jpg 255,322,418,394,6 80,214,218,249,0 270,201,326,242,0
IMG_8550_jpg.rf.c219d0f4b4906aaeb78520615dd11a22.jpg 183,0,329,518,0
IMG_2304_jpeg_jpg.rf.c285b50d97fd53fe6d0c67389ca80ab4.jpg 312,258,548,402,2 250,28,302,85,2 505,62,548,105,2 230,58,251,79,2 570,85,596,111,2
IMG_2437_jpeg_jpg.rf.c3d22bfdddb74501ee49e0843dad0717.jpg 0,65,274,219,0 334,347,596,498,4 162,216,418,326,0 97,0,176,89,0 580,211,639,286,0 0,316,25,390,0 82,212,150,279,0 125,454,268,512,4 0,233,53,282,0 0,148,77,191,0 0,311,72,351,0
IMG_2509_jpeg_jpg.rf.bf57f33708352e4945863ef5453bdb58.jpg 0,273,589,639,4
IMG_2493_jpeg_jpg.rf.c63e1aedf13a67622c0318ee73e333c9.jpg 411,29,513,165,0 442,153,546,233,0 478,88,595,168,0 497,28,639,101,0 510,246,639,316,4 243,376,407,440,4 453,519,592,582,0 341,172,379,228,0 589,85,639,140,0 319,317,433,370,4 311,199,362,251,0 398,179,509,231,0 220,426,300,475,4 237,466,282,514,0 230,297,333,338,4 450,255,491,292,0 479,247,540,281,0 478,259,529,288,0 382,228,425,255,0 330,244,392,271,0 400,257,459,283,0 430,245,463,265,0
IMG_2593_jpeg_jpg.rf.c63fec10e763be9bc4d1299be290d5cc.jpg 530,12,638,59,4 430,0,494,34,0 466,63,546,95,0 499,0,554,23,0 179,307,380,380,6
IMG_2579_jpeg_jpg.rf.c605c408db026686556e78cc349c9731.jpg 198,48,385,121,4 533,35,634,89,4 110,266,250,318,6 80,0,267,47,0 361,364,465,402,6 118,203,211,235,0 484,0,553,29,0 412,5,464,34,0 270,262,398,290,0 496,189,592,216,0 309,17,358,42,0 358,40,414,65,0 98,57,169,81,0 8,134,41,157,0 107,98,154,120,4 41,58,99,80,0 0,57,43,78,0 265,118,288,139,0 13,77,78,97,0 265,25,297,45,0 375,218,468,237,4 74,81,126,99,0 151,85,194,102,0 568,0,623,17,0 489,258,563,274,6 253,222,303,235,6 53,139,85,152,0 0,145,14,157,0
IMG_2486_jpeg_jpg.rf.c406b5a9c3ac154ba0c3eb6c2e95b9d3.jpg 159,164,260,262,1 134,439,273,537,1 195,322,313,400,1 400,317,565,387,1 79,252,200,316,1 261,481,382,538,1 500,373,599,415,1 88,449,148,486,1 425,532,534,568,1 318,555,395,590,1 511,502,589,536,1 419,579,520,609,1 336,468,463,495,1 555,345,639,420,1
IMG_2497_jpeg_jpg.rf.c8798a7fb25cb666631df6f85c0971c2.jpg 163,218,545,407,4 299,540,560,631,0 0,18,44,64,0 130,263,198,293,0
IMG_8520_jpg.rf.c90deed994a043c3b570ef654d67d098.jpg 221,255,286,351,0
IMG_8421_jpg.rf.beaddb40be45cd56dfcad99a55e8d16e.jpg 527,459,539,494,0 337,255,347,285,0 360,492,379,519,0 530,548,538,575,0 422,174,437,201,0 398,501,410,528,0 381,177,397,203,0 386,533,396,558,0 382,250,394,274,0 357,177,378,201,0 154,202,188,225,0 473,549,493,570,0 328,231,341,252,0 475,512,507,533,0 223,197,233,217,0 358,220,369,240,0 551,372,573,392,0 289,137,305,156,0 542,466,569,483,0 535,573,546,589,0 326,80,368,97,4 484,504,498,519,0 515,319,529,333,0 15,228,27,241,0 39,241,49,254,0 306,266,325,279,0 357,279,362,291,0 10,287,33,299,0 484,323,496,335,0 513,571,530,583,0 286,294,304,305,0 326,256,340,268,0 422,314,434,326,0 536,327,552,338,0 343,319,356,331,0 10,301,32,312,0 427,253,435,264,0 219,139,245,150,0 293,278,303,288,0 196,121,205,131,0 252,122,260,131,0 443,328,453,337,0 193,213,204,221,0 267,174,278,181,0 215,152,222,159,0
IMG_8393_jpg.rf.c65406a22e9821a35a5f4783ff59f82e.jpg 262,511,323,597,0 244,366,287,432,0 407,522,422,554,0 270,571,293,604,0 473,388,496,401,0 323,76,376,270,4
IMG_2298_jpeg_jpg.rf.ca575e93ad215a0f68700edc3e58689f.jpg 102,218,172,277,3 363,190,418,247,3 154,211,222,265,3 430,112,484,165,3 227,225,287,271,3 194,227,244,271,3 300,251,354,285,3 241,220,279,247,3 502,143,552,166,3
IMG_8434_jpg.rf.ae7a3f5f7e1cc811435679808c741975.jpg 112,223,158,550,4 294,209,438,510,6 253,406,298,639,4
IMG_2309_jpeg_jpg.rf.ca336d634a3ade7c359560341733e9bb.jpg 221,288,408,330,2
IMG_8443_jpg.rf.c882c2da1c01b2ea83e8c777d29e66c3.jpg 376,232,412,324,6 389,359,415,442,4 203,475,212,541,0 240,520,251,585,0 314,410,331,468,0 307,259,321,300,0 358,435,366,463,0 342,373,350,398,0 289,483,308,501,0 275,470,287,486,0 414,547,418,561,0 425,564,431,578,0 259,599,269,612,0 471,468,475,480,0 322,366,331,378,0 432,548,437,559,0 326,270,339,280,0 464,445,467,454,0 407,524,414,531,0 394,541,400,548,0
IMG_8382_jpg.rf.c0b37fcdff46941feca6ff3bca1d7a00.jpg 327,133,448,411,0 348,384,432,569,0 458,415,497,536,0 477,505,533,608,0 293,564,345,639,0 240,0,349,136,0
IMG_2377_jpeg_jpg.rf.c4ad9f3339efc5aa2492402c7b2b7c69.jpg 284,283,578,565,0 68,218,418,356,0
IMG_8496_MOV-0_jpg.rf.cf5ce5195944338b3dd109f9f13e821f.jpg 546,129,639,216,0 207,158,472,230,0 237,330,616,451,0 75,249,639,351,0 66,250,361,293,0 71,211,431,252,0 172,18,592,83,0
IMG_2476_jpeg_jpg.rf.ce07efb50989485f8cb0c1c415aff195.jpg 195,84,360,205,1 345,97,456,200,1 422,530,628,630,1 516,363,636,453,1 344,352,499,433,1 432,0,626,75,1 330,480,462,554,1 69,397,219,471,1 0,446,35,512,1 0,555,77,608,1 0,402,42,444,1
IMG_3167_jpeg_jpg.rf.cbbbeba3a68f37e03fd7729d9ffe630a.jpg 290,248,507,334,2 0,110,44,191,2 44,56,106,114,2 502,82,549,137,2 311,63,345,108,2 1,66,32,110,2 120,69,152,105,2 277,73,305,110,2 538,81,577,117,2 210,48,227,78,2 226,56,248,85,2 285,32,310,58,2 173,85,215,107,2 395,83,414,97,2
IMG_8376_jpg.rf.cdcb48fa5d46be18e4cca0b4e47e67cd.jpg 219,285,293,471,0 69,311,108,403,0 74,318,134,480,0
IMG_3152_jpeg_jpg.rf.cfc4e9b47a3fe0dfd42316d6d246b513.jpg 358,82,505,139,3 591,22,639,60,3 278,380,414,469,3
IMG_8519_jpg.rf.cd8961f65f00d7868e64c8d145d4e8c3.jpg 299,324,318,370,0 395,195,411,216,0
IMG_2581_jpeg_jpg.rf.ce23d1cef31349a3e1bf1f1fc74b86a7.jpg 85,221,530,386,4 231,50,372,167,0 400,0,592,89,0 446,154,561,222,0 305,92,411,159,0 597,286,639,304,0
IMG_2408_jpeg_jpg.rf.cffc3ddb276417d3cdaa22947aee0db0.jpg 375,60,515,151,0 167,311,361,396,0 278,310,415,384,0 590,90,639,125,0 261,55,317,73,0 545,63,598,80,0
IMG_3155_jpeg_jpg.rf.d1e6db16705ac833db0baa66157b6d9c.jpg 273,309,410,434,3 360,103,458,151,0
IMG_2518_jpeg_jpg.rf.d60bdaaf706631f4a1c5afba29deff0f.jpg 45,163,359,272,4 304,389,552,486,4
IMG_2642_jpeg_jpg.rf.d60a2f1e970bbee8fc1f29681005031e.jpg 287,328,639,549,4 285,296,407,367,6
IMG_8570_jpg.rf.d21fa66016b12c5c3e52c0ee79abdb31.jpg 186,0,320,390,4
IMG_2343_jpeg_jpg.rf.d7861363c2bbf3a3b493ea21de1aed9c.jpg 293,238,362,304,2 204,406,431,470,2 188,225,244,289,2 180,230,205,286,2 562,287,607,322,2 468,275,503,310,2 446,282,478,315,2 275,258,300,282,2
IMG_8558_jpg.rf.d4198cc0ffc6edced1e40a8ac4292a81.jpg 0,241,73,370,0 0,164,83,244,0 1,402,76,508,0 5,346,248,599,0 127,51,176,114,0 129,1,199,50,0 413,568,440,614,0
IMG_3127_jpeg_jpg.rf.d941b6c6564c1cbdedb4767c11f451f2.jpg 246,314,398,390,5 0,192,127,261,0 455,280,531,326,0
IMG_2614_jpeg_jpg.rf.dae316d70110f0e652d0082f2abbb8f4.jpg 264,481,594,613,4 187,396,308,460,6 197,32,319,98,6
IMG_2338_jpeg_jpg.rf.d57a41b260b2c57681f34e3d9baa1f58.jpg 198,389,638,545,2 162,64,479,133,2
IMG_3156_jpeg_jpg.rf.d910d754da294e8cb4202ced07717da7.jpg 195,180,342,248,3
IMG_2471_jpeg_jpg.rf.da1875fc6f219b1136ebd34a4ad6e7c1.jpg 283,72,479,213,1 534,528,639,626,1 560,184,639,278,1 164,476,275,570,1 120,352,215,439,1 62,159,213,243,1 352,495,511,577,1 547,352,639,433,1 212,148,299,225,1 55,212,190,272,1
IMG_2363_jpeg_jpg.rf.dc8e6ee9421440ebf509789e4bf8c0a7.jpg 55,398,297,594,5 142,249,540,345,0
IMG_2280_jpeg_jpg.rf.dc8cdba3c183ecafc288b7e541e1ae51.jpg 443,0,569,64,0 253,398,395,456,0 561,8,639,66,0 10,39,134,96,0 0,472,90,529,0 465,100,639,155,0 538,582,639,637,0 336,587,455,639,0 428,546,532,597,0 253,37,441,85,0 135,358,251,407,0 526,479,639,528,0 378,238,540,286,0 180,347,345,395,0 42,108,200,155,0 412,173,556,220,0 539,361,639,408,0 295,458,440,505,0 552,524,639,571,0 367,404,467,451,0 0,535,55,581,0 492,425,632,471,0 152,580,263,625,0 268,479,400,524,0 225,227,366,269,0 491,382,625,425,0 383,181,477,222,0 343,368,459,409,0 273,531,381,572,0 435,267,579,307,0 411,498,525,538,0 346,0,451,40,0 0,98,52,138,0 335,124,480,162,0 0,214,83,253,0 117,149,239,187,0 63,228,158,265,0 321,98,450,136,0 398,328,582,366,0 212,269,320,306,0 170,507,305,543,0 234,185,378,221,0 0,154,32,189,0 104,551,204,586,0 44,197,180,231,0 34,298,211,331,0 564,271,639,304,0 268,604,353,636,0 0,366,101,398,0 62,445,194,477,0 0,265,50,295,0 420,301,555,330,0 575,253,639,281,0 109,284,227,311,0 573,410,639,450,0
IMG_2302_jpeg_jpg.rf.dcac099b91137ebd030621d253fe8c3f.jpg 226,309,453,375,2
IMG_2644_jpeg_jpg.rf.d01e8de7d3613a7aa5ec4075f98b8074.jpg 1,217,536,428,4 0,456,112,527,6
IMG_2615_jpeg_jpg.rf.c9ea3febd47e961fb3a85c9ff219411b.jpg 565,429,601,466,0 381,438,424,462,0 79,303,372,383,4
IMG_8419_jpg.rf.db902286e936ddaec5c5afa4a709aa98.jpg 342,302,521,490,6 33,27,59,82,0 166,513,185,554,0 498,29,517,64,0 471,45,489,79,0 10,249,18,277,0 388,8,432,35,0 424,222,437,248,0 0,43,10,67,0 531,44,554,66,0 402,0,439,20,0 500,74,510,94,0 1,331,30,348,0 350,126,387,142,0 78,170,114,184,0 390,108,407,122,0 399,85,414,99,0 362,69,398,81,0 274,268,297,279,0 550,104,571,113,0 299,174,309,183,0
IMG_2413_jpeg_jpg.rf.d8945ff197025d94570163bf700e3d91.jpg 0,149,583,337,0 123,482,399,612,0 365,374,639,495,0
IMG_8510_jpg.rf.deb26f3cb2a2f7f5ee7b8da9c3d514a1.jpg 223,424,282,486,4 249,449,302,492,4 288,210,328,251,4 272,252,287,282,0 256,191,265,213,0 262,325,277,368,0
IMG_8344_jpg.rf.df16bcee6a7b71086e03f3b1ac1fb017.jpg 50,480,135,639,0 520,0,570,159,0 435,4,496,128,0 198,128,256,241,0 183,229,226,329,0 158,68,225,145,0 546,226,597,370,0
IMG_3141_jpeg_jpg.rf.e1865bea076291d54210b2b41d2eed59.jpg 86,350,375,498,3 15,45,82,141,3 297,145,342,214,3 390,156,456,216,3 250,157,292,208,3 244,78,297,126,3 521,132,579,180,3 326,82,384,118,3 32,205,117,246,3
IMG_8522_jpg.rf.df9ad5a8ab329a03cda6c9174edcd35d.jpg 308,94,368,262,0 379,324,427,485,0 257,287,351,445,0 397,471,448,625,0 340,476,387,615,0 299,1,341,111,0
IMG_2543_jpeg_jpg.rf.db2f063ffc88aab77e18cb30801d5b82.jpg 422,445,513,530,5 203,347,291,413,5 442,372,514,436,5 135,410,250,468,5 238,263,287,297,5 197,234,251,273,5
IMG_2646_jpeg_jpg.rf.e215fb292d61eb8df13e52de3e0fc9ad.jpg 300,312,346,381,6
IMG_8548_jpg.rf.e15b5d11059451678392657ba76fb646.jpg 336,143,405,225,0 483,268,567,326,0 200,569,255,605,0 61,390,135,471,0
IMG_8590_MOV-3_jpg.rf.e215fd21f9f69e42089d252c40cc2608.jpg 63,4,280,147,6 253,52,507,183,6 325,480,457,565,6 0,199,147,279,6 31,0,225,75,1 95,322,169,359,6 0,269,14,306,6 0,279,14,305,1 0,51,101,158,6
IMG_8560_jpg.rf.ca57f9ca6fca8d1cec1127159a9d6a96.jpg 201,70,436,622,0 360,74,441,161,0 416,450,492,639,0
IMG_8581_MOV-4_jpg.rf.e3478b70712b813b058f18075b696342.jpg 555,366,639,440,0 307,396,481,469,0 184,255,334,322,0 0,158,404,223,4 463,353,571,416,0 357,227,459,290,0 337,304,434,367,0 0,285,117,346,0 130,429,244,488,0 28,434,134,494,0 211,323,289,381,0 370,341,462,398,0 203,202,313,256,0 87,269,178,317,0 459,308,548,355,0 101,345,203,392,0 247,379,335,425,0 9,345,116,387,0 28,390,114,428,0 21,129,78,152,0 409,185,453,200,0 0,102,21,115,0 489,148,526,162,0 84,88,100,101,0 218,125,249,138,0 101,136,136,147,0 464,37,488,46,0 245,62,269,70,0
IMG_8496_MOV-5_jpg.rf.e506596b14a81f163402407feb0d3767.jpg 489,292,639,402,0 105,273,499,349,0 242,363,639,436,0
IMG_8430_jpg.rf.e37801edbe000d83962fec0ece7923d4.jpg 273,204,360,390,6 393,456,452,517,4 23,471,45,496,0 279,409,286,432,0 352,524,362,534,0 344,457,356,464,0
IMG_2284_jpeg_jpg.rf.e962cdcd4df810f9f4667366f8c533db.jpg 160,233,512,394,3 425,0,494,86,3 500,29,572,83,3
IMG_2628_jpeg_jpg.rf.e580880ff278f0e0efb6e070e5d17a2b.jpg 140,114,580,383,6 218,27,330,75,0 383,24,481,89,0 88,29,148,60,0
IMG_3146_jpeg_jpg.rf.e633d8100fb1aeeea30443e3ee06f027.jpg 144,245,424,448,3
IMG_2631_jpeg_jpg.rf.e65935b84d4120e2e25e88dcb5aa3edf.jpg 92,319,322,395,6 309,558,343,631,0 334,560,377,612,0 354,301,463,346,6 263,540,289,573,0 233,494,255,521,0 231,439,271,456,0
IMG_2287_jpeg_jpg.rf.e9775e20dcfec5d1381ddb576e6b5846.jpg 171,108,586,425,3
IMG_2383_jpeg_jpg.rf.e9bbd05155dcac8430a11232df9ec552.jpg 29,315,329,528,5 450,232,619,401,5
IMG_8403_jpg.rf.e912e14425654a7c6d0b375dfa5546aa.jpg 74,187,149,423,6 509,297,573,378,0 607,86,625,163,0 443,376,503,447,0 218,419,233,469,0 180,425,192,468,0 111,456,120,494,0 139,433,147,463,0 95,424,124,454,0 209,167,253,441,4
IMG_2559_jpeg_jpg.rf.f114d312a416a6c02f4cb7e2af0e3cee.jpg 425,374,618,463,4 247,218,389,300,4 263,316,366,389,4 398,77,508,122,0 105,55,205,96,0 204,392,355,425,4 86,96,188,123,0 0,65,67,92,0 0,113,45,139,0 0,64,87,82,0 0,28,71,58,0
IMG_3128_jpeg_jpg.rf.e9a838d9ac7a0ad4d8eb61966061d0d8.jpg 197,261,401,413,5 114,121,286,182,0
IMG_8593_MOV-0_jpg.rf.e6779a426cee60475ab2c08d79cef7c0.jpg 295,525,417,598,1 331,194,424,249,1 406,583,497,628,1 503,189,574,233,1 23,299,84,336,1 370,146,436,179,1 417,284,479,314,1 203,510,254,540,1 0,407,30,436,1 260,393,302,419,1 276,35,331,60,1 4,352,51,373,1 245,118,283,138,1 5,376,47,394,1 94,518,121,530,1 51,424,82,436,1 363,261,400,273,1 304,459,325,470,1
IMG_2346_jpeg_jpg.rf.f017e045011cef368fbed65baceaa012.jpg 435,369,483,421,2 172,338,200,374,2 80,341,108,376,2 111,344,130,375,2 18,346,68,376,2 134,344,150,374,2 236,321,274,350,2 380,295,408,323,2 44,337,76,363,2 206,325,225,349,2 19,328,43,351,2 453,297,479,317,2 142,355,175,374,2 325,342,350,358,2 0,348,17,360,2 414,453,593,501,2
IMG_8468_jpg.rf.e63c00f9964b58e56100090948af8bac.jpg 339,146,423,336,0 258,1,308,133,0 325,367,412,499,0
IMG_8500_jpg.rf.e3d24d34a158a2f9dc3d22104a051976.jpg 220,23,334,117,0 496,553,543,575,0
IMG_2326_jpeg_jpg.rf.f3797a5272765c1a1c74175d807fee8d.jpg 618,280,639,336,2 165,311,203,359,2 240,318,282,363,2 116,316,154,361,2 320,316,357,355,2 461,422,568,460,2 437,303,468,338,2 527,305,556,341,2 462,309,498,344,2 60,302,91,337,2 352,320,392,355,2 267,419,409,446,2 19,294,50,320,2 557,310,582,335,2 487,317,515,340,2 514,317,528,335,2 593,318,613,335,2 409,327,448,340,2 19,261,40,284,2
IMG_2571_jpeg_jpg.rf.e79bd76a7f69fd85621fbb74fdc90394.jpg 134,318,335,391,6 103,191,181,240,0 0,196,101,245,0
IMG_2295_jpeg_jpg.rf.f339b5fe7a5e3eea3ca3f4c7fcce4f82.jpg 158,269,352,333,3
IMG_3132_jpeg_jpg.rf.e53e7d2d2def8d1c9c91882967ee1ac6.jpg 356,162,415,237,3
IMG_8580_jpg.rf.f0c62dca90e927a566221af1253fc08d.jpg 274,91,328,192,0 243,97,285,196,0 170,217,232,310,0 301,0,361,91,0 610,380,636,465,0 227,466,295,550,0 270,285,324,365,0 100,216,136,295,0 250,231,295,310,0 396,462,424,540,0 318,113,355,190,0 198,152,243,229,0 214,202,273,277,0 449,385,473,459,0 307,249,355,315,0 457,203,481,260,0 484,323,504,380,0 426,238,444,295,0 419,364,438,421,0 538,324,556,379,0 245,319,292,373,0 237,371,270,423,0 422,170,445,220,0 413,421,431,470,0 524,255,543,304,0 490,260,507,304,0 340,87,367,129,0 405,133,421,174,0 598,306,612,347,0 438,318,454,356,0 416,322,437,360,0 375,187,403,218,0 335,436,348,466,0 324,544,338,573,0 364,547,383,576,0 368,146,389,174,0 503,89,515,117,0 308,460,320,488,0 507,0,521,25,0 103,387,137,411,0 350,463,357,487,0 364,523,375,545,0 340,482,349,503,0 463,116,472,135,0 485,102,502,121,0 496,65,513,84,0 496,133,503,149,0 357,470,364,486,0 518,132,532,149,0 465,43,476,58,0 444,88,457,103,0 434,82,443,94,0 36,504,37,505,0 391,238,434,441,6
IMG_2336_jpeg_jpg.rf.f0bd7c3eee67a9521a13976b61bf9a74.jpg 103,169,167,239,2 97,177,124,235,2 481,220,521,270,2 560,224,599,269,2 605,232,639,267,2 381,231,403,266,2 187,325,320,358,2 392,226,426,258,2 365,232,386,263,2 250,212,291,242,2 202,208,231,237,2 277,218,303,243,2 234,221,262,244,2
IMG_8471_jpg.rf.ef66b1b0c92da0f6cf8f14bf8082844b.jpg 188,142,393,553,0 73,267,206,595,0 15,365,107,557,0
IMG_2285_jpeg_jpg.rf.f0e3a62b8ed8651386c643ef10419ab1.jpg 159,192,262,293,3 92,198,152,289,3 320,212,460,338,3
IMG_3121_jpeg_jpg.rf.e499e16b2928a2b17d818ba3012ac10c.jpg 106,228,443,436,5 0,152,158,209,5
IMG_8536_jpg.rf.e535edef0dae4d8c43b24382e7829183.jpg 200,367,358,584,0 415,0,473,141,0 169,45,209,166,0 586,0,626,48,0
IMG_2351_jpeg_jpg.rf.f3aa02657aa4793d4c21dcf6f0b00420.jpg 0,182,298,310,2 285,284,510,322,2
IMG_2275_jpeg_jpg.rf.f4762f03b3e9c9b4de86823b6e82abb6.jpg 447,438,639,533,0 219,286,591,380,0 0,1,156,89,0 0,202,209,280,0 0,282,185,357,0 536,371,639,442,0 592,0,639,62,0 0,560,311,639,0
IMG_8517_MOV-1_jpg.rf.f60c356b6c4b039a86baf03b5dce1a0b.jpg 111,268,233,435,0 559,41,639,194,0 230,274,304,364,0 543,63,599,152,0 428,184,489,269,0 413,324,454,473,0
IMG_8497_MOV-1_jpg.rf.fbe55d9df52f784cf6e0dc95f0b37b1a.jpg 94,338,232,393,0 46,503,94,551,0 401,23,511,53,0 474,73,549,103,0 392,123,476,164,0 494,158,597,183,0 102,218,196,243,0 453,275,495,320,0 146,283,338,329,0 167,251,201,292,0
IMG_8572_MOV-2_jpg.rf.f8d691919dbc45e04e43ca8b1bc3fbc9.jpg 0,293,639,578,4
IMG_2648_jpeg_jpg.rf.f3e1da9e24d50dad8a2bf89b7a442796.jpg 107,302,268,385,6 339,295,448,349,6
IMG_8413_jpg.rf.f69ba92d791d88bc232fd82a400555bd.jpg 480,221,520,298,0 406,369,433,446,0 585,418,611,477,0 115,265,152,320,0 52,0,100,43,0 58,116,106,143,0 91,163,141,189,0 440,448,469,466,0 235,115,352,545,4
IMG_8598_jpg.rf.f650bd48a6cb6f1580188ae1ef455422.jpg 287,244,306,273,1 277,233,298,260,1 311,172,331,195,1 375,223,396,248,1 313,252,340,283,1 365,382,380,403,1 367,476,384,495,1 443,448,460,469,1
IMG_8591_MOV-0_jpg.rf.f672138122bb55bc624abc9996a215dd.jpg 408,161,471,203,1 353,202,417,237,1 146,179,218,210,1 168,423,222,453,1 183,220,261,249,1 510,280,562,309,1 270,47,337,76,1 2,102,78,130,1 535,191,590,218,1 223,177,266,205,1 76,406,120,434,1 93,501,151,528,1 537,374,599,399,1 538,343,598,367,1 443,601,479,624,1 325,544,365,567,1 375,131,427,153,1 23,451,46,473,1 49,476,77,498,1 0,127,15,148,1 21,188,66,209,1 362,318,409,337,1 249,265,300,284,1 250,622,306,639,1 561,252,629,268,1 325,0,376,9,1
IMG_3177_jpeg_jpg.rf.f49ac7fba9a19c6be33c9985524fc626.jpg 212,357,404,485,2 282,267,314,324,2 223,268,249,322,2 384,305,412,350,2 106,252,129,296,2 250,280,270,320,2 324,290,347,330,2 338,291,353,325,2 154,271,170,305,2 160,267,175,298,2 201,289,209,313,2 182,291,198,310,2 101,235,117,267,2
IMG_2578_jpeg_jpg.rf.f78d4b46c469c17100fc19a572c7f436.jpg 155,339,345,414,6 28,2,186,68,4 543,208,639,241,6 416,8,519,39,0
IMG_2361_jpeg_jpg.rf.f9d07954356ea458058fa89d8406fa8d.jpg 165,265,450,485,0
IMG_2372_jpeg_jpg.rf.fafbb5375749a8e39107b2c4a14889e3.jpg 122,279,403,461,0 0,468,271,634,0
IMG_2410_jpeg_jpg.rf.f6dcf8d19e8bfc59f84c75023a81bece.jpg 315,312,462,415,0 510,92,580,124,0
IMG_8571_MOV-1_jpg.rf.f93bb638b2f8e7fad4283cf1153bed7a.jpg 0,184,612,330,4
IMG_8517_MOV-5_jpg.rf.fa992a8d3f9af57ddc5d61eac503ae24.jpg 107,399,248,612,0 86,61,179,179,0 497,529,598,639,0 159,2,218,110,0 471,242,545,341,0 562,188,616,285,0
IMG_8512_MOV-4_jpg.rf.fa478a9eabd4c6319738d740c4751f4a.jpg 38,205,198,311,0
IMG_2308_jpeg_jpg.rf.fa03adccb4ba923a629ab352b9a4051b.jpg 65,250,491,452,2
IMG_2291_jpeg_jpg.rf.f99ae59b4503917f86d03451095af8e2.jpg 25,152,459,322,3
IMG_2360_jpeg_jpg.rf.fc0e83f4c45d73d0bd9816ec76dfe110.jpg 335,274,508,404,0 151,442,415,567,0 453,421,566,482,0 370,190,529,242,0
IMG_3181_jpeg_jpg.rf.f7c9d6e2c0d13ce317fa13053ac7150f.jpg 51,317,303,430,5 349,314,565,431,5
IMG_8411_jpg.rf.fa24c1f625b57b7f8d58fd2d6d998044.jpg 283,148,423,496,4 587,538,637,575,0
IMG_8546_jpg.rf.f7a28b08853f442838a41a4fcdce924d.jpg 243,106,312,226,0 413,150,523,262,0 258,519,327,628,0 4,48,49,149,0 239,248,285,336,0 393,546,457,613,0 177,526,280,591,0 60,574,113,639,0 101,563,141,628,0 22,429,49,489,0 194,245,224,298,0 28,235,58,276,0 27,0,59,36,0
