IMG_3187_jpeg_jpg.rf.fc33278a03e4c00408c7b65cf30e58e9.jpg 272,38,720,607,5 1155,744,1383,1054,5 1063,1678,1296,1912,5 855,800,977,1011,5 1242,1335,1383,1533,5
IMG_8496_MOV-3_jpg.rf.fc45b56d3b665a1118dc59c1df945007.jpg 659,1062,1080,1279,0 0,952,450,1152,0 666,910,929,1503,4
IMG_2656_jpeg_jpg.rf.fced3a639e4408a3493c5e282140d14c.jpg 730,1044,985,1154,6 724,666,983,770,6
IMG_2384_jpeg_jpg.rf.fdeacf82b1cb2a4c23cd66ac839b0a74.jpg 871,1003,1340,1441,5
IMG_2587_jpeg_jpg.rf.fef52b84860aa9d22650dff735b50f89.jpg 215,1010,740,1240,6 759,928,1264,1148,6 272,1143,900,1451,6
IMG_2549_jpeg_jpg.rf.ff07548efb4ba62cc053c639a454085c.jpg 448,1095,1158,1555,6
IMG_2541_jpeg_jpg.rf.ffd1faa73e8c8d08b57c0bbbbeea3075.jpg 604,820,1068,1461,5
IMG_2276_jpeg_jpg.rf.fc86b3e1e32fde4eb36d34b56d2b1600.jpg 132,1608,486,2034,0 557,1582,915,1973,0 745,1180,1392,1561,0 716,65,1198,409,0 586,1569,966,1910,0 1269,979,1536,1272,0 253,925,582,1190,0 1095,503,1535,764,0 608,1297,777,1537,0 380,678,677,906,0 168,671,463,891,0 0,1448,172,1658,0 420,631,821,838,0 1285,283,1536,490,0 1011,641,1468,842,0 112,1409,299,1605,0 550,1482,1162,1676,0 993,1859,1333,2047,0 633,438,971,625,0 273,1243,549,1427,0 1429,1574,1536,1755,0 0,226,140,403,0 612,1029,979,1189,0 383,541,742,696,0 983,2,1535,150,0 62,1067,311,1203,0 0,1652,49,1782,0 86,474,164,603,0 0,801,141,928,0 59,973,291,1097,0 122,659,323,778,0 606,23,944,133,0 2,1135,157,1235,0 0,0,66,78,0 346,0,468,65,0 164,228,529,403,0
IMG_2364_jpeg_jpg.rf.fd2e0098ae80ab8c63af203e9bb31b83.jpg 678,853,938,1113,0 893,0,1536,212,4 434,1379,1233,2047,4
IMG_2352_jpeg_jpg.rf.fdca526fbb6b455b9626aebe6b0ee13e.jpg 823,669,1483,1102,2 220,884,664,1037,2
IMG_2432_jpeg_jpg.rf.fc62be06e814d72e7c4d1484b90f5da0.jpg 421,1002,1268,1334,4
IMG_2623_jpeg_jpg.rf.052f451bcb8f04fc2863ee4985eeeea6.jpg 256,940,1388,1471,6
IMG_2655_jpeg_jpg.rf.01cedc100bd6b211be066bff68356bde.jpg 564,459,857,689,6 549,840,860,1078,6
IMG_2358_jpeg_jpg.rf.0282a8e122a9b2d03ca68159f0b55705.jpg 162,766,1223,1376,0
IMG_2601_jpeg_jpg.rf.0170a745dd14fe9a7e233d37eb2bd380.jpg 29,753,262,1000,4 878,0,981,199,0 0,49,199,233,0 0,234,229,375,4 56,453,308,587,4 0,0,245,115,0 277,309,405,411,0 560,1203,811,1296,0 1347,912,1536,1004,4 728,589,869,671,0 950,451,1041,532,0 446,398,592,474,0 435,488,559,557,0 1097,511,1194,580,0 807,552,953,620,0 1286,453,1398,520,0 1354,576,1453,641,0 580,488,723,553,0 885,1141,1008,1205,6 1078,506,1174,569,0 1153,527,1242,586,0 938,1074,1079,1131,0 1099,592,1201,648,0 820,1065,916,1118,0 1443,522,1535,573,0 1268,563,1353,611,0 1283,519,1384,564,0 1012,0,1236,166,0
IMG_3140_jpeg_jpg.rf.07b501705963e648079b239031f118fe.jpg 0,937,190,1184,3 701,582,817,812,3 1299,336,1482,560,3 799,605,923,794,3 440,633,584,821,3 180,541,272,691,3 792,367,898,509,3 1256,771,1438,905,3 601,387,746,499,3
IMG_8552_jpg.rf.0234be47b8beddd9445ae2ab50d6c904.jpg 2414,1177,3856,2468,0 764,947,1906,1688,0
IMG_2341_jpeg_jpg.rf.05dca786d127593f2a7ff91d9200ce9d.jpg 317,743,1424,1252,2 481,646,555,787,2 711,630,787,754,2 821,600,878,693,2 591,686,667,774,2 279,680,385,760,2 83,650,143,716,2
IMG_2324_jpeg_jpg.rf.07b9fd179f9231ebd320c89ad2a0c1e8.jpg 975,890,1536,1169,2 59,1002,460,1141,2
IMG_2313_jpeg_jpg.rf.08bb8929c9c312414e109c73033e9639.jpg 462,822,1260,1327,2 550,300,741,522,2 1456,121,1529,272,2 1086,169,1194,297,2 1357,164,1460,292,2 491,508,719,629,2 1171,167,1248,282,2 842,191,950,294,2 1238,209,1347,270,2 992,186,1062,276,2
IMG_3169_jpeg_jpg.rf.05f25192ba83d2bf19c85b0bb053394d.jpg 946,858,1059,1042,2 0,1261,190,1440,2 384,817,472,969,2 1171,890,1264,1037,2 444,835,492,952,2 492,849,552,948,2 94,865,179,963,2 186,870,253,962,2 300,820,354,908,2 452,745,508,833,2 251,800,321,880,2 0,879,62,957,2 709,1345,947,1550,2
IMG_8575_jpg.rf.04f01afc0cee71a00a530a5df1a7f200.jpg 0,1276,3921,2655,4
IMG_8495_jpg.rf.04989c7669f370a25f61f18ee934af85.jpg 731,1466,1049,2642,0 2475,1906,3173,2850,4 2088,802,2586,1736,0 1255,1311,1567,2029,0 968,649,1512,1302,0 1517,1757,1791,2407,0 1965,1884,2158,2460,0 1461,1000,1834,1424,0 1254,534,2118,890,0
IMG_2490_jpeg_jpg.rf.0169051c8209d19066705dabc704154e.jpg 1102,1235,1410,1462,1 680,1118,1095,1326,1 190,1452,357,1617,1 465,1231,755,1393,1 430,1618,624,1767,1 344,1173,701,1311,1 363,1439,530,1562,1 987,926,1221,1031,1 1412,1048,1526,1132,1 1259,661,1395,734,1 0,1311,165,1378,1 1394,1389,1524,1448,1 138,1334,388,1432,1
IMG_2495_jpeg_jpg.rf.0967cae62c2ba9321064590d2f98028c.jpg 434,941,833,1223,4 1299,538,1535,797,0 213,1795,599,2047,4 1013,794,1105,970,6 1073,955,1171,1125,0 679,1714,972,1873,0 1375,799,1536,951,0 1449,712,1535,860,0 1317,1044,1454,1179,0 1024,967,1088,1099,0 929,1075,985,1205,0 744,1575,929,1699,4 1178,1075,1317,1197,0 878,954,969,1075,0 1046,1416,1360,1522,4 1337,1185,1491,1269,0 1437,1296,1535,1375,0 1261,1115,1413,1192,0
IMG_2613_jpeg_jpg.rf.09e3d85f9c2c22261399937b38ceb3c5.jpg 695,1143,1451,1967,4 343,718,1094,1166,6 833,150,1093,464,6 1355,1130,1536,1378,0 447,1350,662,1506,6 518,1510,712,1622,0
IMG_2633_jpeg_jpg.rf.0ab4a2e19092e99a563738ecea4367df.jpg 1214,1341,1532,1764,4 350,839,1121,1154,6 876,1490,1123,1714,6 968,1843,1041,2042,0 344,1155,514,1248,0
IMG_2617_jpeg_jpg.rf.08dfb276d5744bdc6d1521adf38ef44a.jpg 947,1182,1149,1469,0 717,924,860,1165,0 748,1073,895,1313,0 808,879,1059,1106,0 437,860,826,1081,6 1115,785,1354,1001,0 1411,599,1536,800,0 925,601,1225,723,0 1209,1361,1433,1712,0
IMG_8581_MOV-2_jpg.rf.0b9bb5412364202784f3a69dd5497156.jpg 727,786,1042,1048,0 57,733,353,994,0 586,903,765,1155,0 192,73,1011,307,4 114,1007,447,1233,0 76,459,252,673,0 114,651,413,843,0 410,437,658,613,0 473,620,743,786,0 416,761,633,925,0 683,579,948,739,0 824,409,987,521,0 22,327,89,433,0 233,337,338,433,0 878,185,948,260,0 965,64,1014,130,0 787,85,849,134,0 318,123,390,164,0 706,144,766,177,0
IMG_2436_jpeg_jpg.rf.0b308af4eb7a3edbeb9c3b57e1aca04f.jpg 0,131,351,711,0 234,0,836,579,0 340,447,573,782,0 853,0,1095,325,0 547,626,910,944,0 109,1325,358,1512,0 158,1127,471,1271,0 97,961,291,1098,0 0,972,65,1092,0 811,557,1503,1493,4
IMG_2563_jpeg_jpg.rf.0ef96778ca50178ef8a27d162fbc64f1.jpg 684,1479,1137,1771,6 1044,1228,1339,1429,0 235,228,619,425,4 805,394,1189,575,4 0,128,379,297,6 1025,758,1205,894,0 1331,4,1535,135,0 1301,133,1535,247,0 1429,732,1535,843,0 1293,1076,1484,1156,6
IMG_2573_jpeg_jpg.rf.11707e970af1eb59f2c4cde4fb7d2042.jpg 353,770,711,1135,1 0,509,189,829,1 381,1777,572,2047,1 450,1610,806,1877,1 855,802,1132,1040,1 1,1390,170,1623,1 684,463,995,651,1 937,2,1157,152,1 925,537,1125,717,1
IMG_2439_jpeg_jpg.rf.0b6c92e736a48692a4411c9eec58990f.jpg 363,5,508,415,0 802,935,1179,1214,4 565,284,809,560,0 182,532,297,684,0 341,1165,521,1309,4 262,733,469,868,0 11,1342,198,1475,4 18,740,104,872,0 373,671,620,784,0 0,610,144,718,0 93,843,178,943,0 82,710,198,795,0 296,538,397,607,0 245,598,351,665,0 137,0,317,331,0
IMG_2608_jpeg_jpg.rf.14b9495da7968ef87a52b1a79d2b4156.jpg 550,589,1218,1410,5
IMG_8517_MOV-2_jpg.rf.0f06eb7a2100a5d59275febae063820d.jpg 694,768,901,1079,0 1058,165,1491,464,0 1250,815,1446,1051,0 318,191,599,374,0 1550,542,1849,708,0 1452,698,1584,844,0 101,363,339,456,0
IMG_2412_jpeg_jpg.rf.0c57a5e783549d9f84468107832c9530.jpg 243,803,1536,1463,0 75,489,1346,944,0
IMG_8464_jpg.rf.10e7dcfa2668e95b46584ebba1a0ec09.jpg 93,637,186,710,0 339,668,428,742,0 750,822,927,1109,0 904,1195,1157,1432,0 1002,1150,1185,1422,0 1259,1128,1428,1364,0 1101,1536,1340,1772,0 1557,1356,1825,1653,0 1487,1456,1739,1682,0 1741,1527,2059,1806,0 1835,1350,2058,1447,0 2175,1467,2316,1697,0 2424,1472,2894,1702,0 2778,1922,3076,2238,0 3562,2217,3798,2380,0 3887,1886,4032,2110,0 2949,1045,3120,1344,0 3227,1263,3462,1557,0 1738,1659,1951,1863,0
IMG_2475_jpeg_jpg.rf.1383f0804e5e9ceb208eb49f8d8e472a.jpg 786,807,1031,1054,1 0,559,158,793,1 1297,932,1536,1163,1 422,1207,717,1438,1 1363,695,1535,923,1 725,1097,1025,1321,1 958,1413,1283,1624,1 150,1486,365,1670,1 1199,1746,1457,1922,1 581,1450,769,1621,1 784,1546,1020,1701,1 1232,655,1435,802,1 31,410,280,554,1 491,1941,676,2047,1 407,0,608,65,1
IMG_2316_jpeg_jpg.rf.110fa676fe4c7d46f0f14de121912c0e.jpg 0,922,1025,1438,2
IMG_2420_jpeg_jpg.rf.16ef4653c1139c74e84ba934adcb37a7.jpg 71,1,1535,796,0 0,258,415,724,0 0,747,560,1206,0 589,825,1535,1243,4 135,1388,695,1651,0 327,1101,776,1304,0 1317,947,1535,1113,0 1095,1653,1395,1813,0 1184,1124,1306,1260,0 869,1626,1022,1759,4 1192,1247,1348,1378,0 893,1261,1094,1375,0 243,1254,379,1354,0 0,1898,114,1988,0 745,1296,876,1383,0 442,1288,549,1373,0 877,1383,936,1468,0 629,1337,738,1419,0 856,1312,1015,1387,0 6,1431,106,1492,0 605,1315,730,1364,0
IMG_8469_jpg.rf.10a6c14492b90d36093f2c4d988df3bd.jpg 1287,402,1771,1255,0 1303,1440,1953,1878,0 1847,0,2211,423,0 780,2119,1969,2738,0
IMG_8538_jpg.rf.0b199afd8c7202fe3236183abb3e6058.jpg 1789,1777,2207,2617,0 1211,752,1815,1440,0 3173,1014,3452,1592,0 3237,266,3509,794,0 3001,998,3419,1501,0 1402,2795,1772,3024,0 2959,1933,3471,2145,0 1323,1876,1680,2164,0
IMG_3172_jpeg_jpg.rf.13d733fdce24f227c358e75b6c88433c.jpg 436,921,1434,1317,2 1005,1012,1536,1213,2 35,696,147,847,2 213,739,360,863,2 674,759,762,873,2 530,761,621,865,2 727,715,793,799,2
IMG_8523_jpg.rf.0d5537b84b442fd816ee188d8bbd36d0.jpg 1385,1085,1722,1926,0 1747,89,2093,659,0 1608,1456,2015,2412,0 1693,1634,2358,2136,0 1177,1710,1488,2482,0
IMG_2296_jpeg_jpg.rf.0d98ecb0b01153681557a7f5ddd8d5bb.jpg 639,237,1023,451,3 915,1132,1294,1331,3
IMG_2438_jpeg_jpg.rf.10f0b674df8a3ecdd62f5c8de4ef83e6.jpg 585,304,1259,758,0 0,0,922,318,4 618,665,756,841,0 248,1646,524,1789,0 729,1369,992,1497,4 625,1271,824,1396,4 391,824,596,933,0 440,906,536,1012,0 444,740,612,841,0 556,931,697,1030,0 0,868,120,959,0 0,1068,108,1158,0 0,1227,153,1317,0 272,815,427,904,0 89,878,267,965,0 188,1013,334,1100,0 255,892,394,973,0 633,849,803,922,0 435,982,550,1051,0
IMG_2612_jpeg_jpg.rf.0f89200ecb30ecb1901f4e070434d8fc.jpg 382,762,931,1488,6 0,0,1535,285,4 131,819,435,1066,0 1027,1656,1324,1818,0
IMG_2595_jpeg_jpg.rf.17a691c3f3531d23a3da1c299145709f.jpg 1138,0,1351,149,0 1398,0,1518,140,0 1104,19,1289,147,0 1323,46,1492,171,0 177,243,1264,1942,6
IMG_2627_jpeg_jpg.rf.0f6bdf62998e7a799c50c11793211785.jpg 254,509,1188,1631,6
IMG_8494_jpg.rf.179785f2a0e9ad6381d12024d7629a0b.jpg 1715,1292,2019,2800,0 1561,494,1973,1068,4 1669,2480,2102,3024,4
IMG_2335_jpeg_jpg.rf.198075641fb7029f6b2350223dae9a7e.jpg 451,844,592,1058,2 433,855,488,1047,2 1125,1006,1209,1134,2 1338,1040,1490,1161,2 0,1004,77,1124,2 1064,1031,1157,1132,2 836,950,912,1051,2 755,971,845,1068,2 670,953,746,1037,2 848,1295,1133,1365,2 104,1003,140,1061,2 75,992,105,1059,2
IMG_8436_jpg.rf.1865c329da080cecd20d88ebe07d69a5.jpg 1807,999,2694,2387,6 850,1469,1339,1946,4 637,1059,961,2625,4
IMG_8581_MOV-0_jpg.rf.11727c8d08e8ca3f0da2d94366e08dc7.jpg 892,1090,1022,1238,0 1011,979,1080,1117,0 667,1111,803,1214,0 781,394,912,493,0 706,295,863,393,0 933,493,1080,582,0 437,837,523,901,0 542,905,630,957,0 465,776,532,822,0 588,767,624,782,0 229,643,661,812,6
IMG_2521_jpeg_jpg.rf.15ed6439d0e37a9da1ddc86289abcb93.jpg 892,694,1137,1053,3 706,1106,1298,1357,3 644,606,785,816,3 453,599,722,807,3 528,794,818,947,3 1383,432,1498,581,3 1168,435,1329,522,3 845,332,1018,447,3
IMG_8527_jpg.rf.19a81a53576d5c533d059be0032de2d2.jpg 1534,1041,2366,1358,0 1598,1285,2301,1798,0 1107,1586,1874,1865,0 923,1084,1371,1474,0 783,1644,1270,2336,0 905,1710,1883,2060,0
IMG_2303_jpeg_jpg.rf.1ab89de6f923fe24ff9258a976cc68d0.jpg 165,742,1398,1597,2 375,688,509,908,2 271,643,343,743,2 678,696,731,780,2
IMG_2620_jpeg_jpg.rf.0c7d02e183d8e9b93ecf265d9fc39664.jpg 623,680,1216,1053,6 1229,1372,1367,1491,0
IMG_2419_jpeg_jpg.rf.1ab083eb2a550348546bfb41452ec8fa.jpg 310,217,1159,1020,0 556,12,1168,538,0 349,1041,885,1418,4 893,1683,1536,2047,4 980,849,1402,1178,0 0,595,272,857,0 1335,626,1536,880,0 1162,716,1316,944,0 1281,783,1535,989,0 715,778,1059,958,0 1307,994,1535,1169,0 806,906,992,1036,0 643,1466,907,1593,0 463,1434,589,1549,4 919,1174,1171,1281,0 112,1140,298,1237,0 473,1116,596,1195,0 0,1118,119,1198,0 396,1140,497,1204,0 301,1143,393,1202,0 1108,0,1535,635,4
IMG_2452_jpeg_jpg.rf.1529b28a8e2997461dc8724130f5ac9c.jpg 1025,162,1231,500,0 859,525,1239,750,0 574,1007,1057,1226,4 1257,854,1362,1020,0 43,653,367,807,0 1293,730,1536,882,0 738,1236,1077,1368,4 0,894,194,999,0 1391,882,1536,986,0 458,750,692,840,0 811,752,1028,840,0 1007,864,1234,950,0 1200,909,1400,995,0 770,872,985,957,0 200,807,445,890,0 204,766,389,846,0 387,806,566,884,0 0,740,48,817,0 353,347,842,589,0
IMG_3186_jpeg_jpg.rf.1b0775ba87fb4eabd23334121e96811e.jpg 1122,1217,1321,1459,5 603,941,781,1117,5 455,1325,686,1489,5 370,760,531,903,5 1074,1623,1225,1743,5
IMG_2322_jpeg_jpg.rf.1dc976edb702d748bbed6cec3415eda2.jpg 485,1253,1536,1902,2 661,1047,1536,1337,2 54,7,265,241,2 915,660,1210,858,2 184,557,810,717,2 1285,805,1536,960,2 0,301,227,428,2 927,827,1191,1073,2
IMG_2444_jpeg_jpg.rf.1d65cb47c3cb8ce2edc9502819b7a027.jpg 1094,75,1495,370,0 952,1268,1301,1496,6 850,905,1317,1124,4 639,1033,764,1218,4 1295,399,1536,567,0 0,888,280,1039,4 470,1495,663,1639,0 484,1378,657,1506,0 791,912,1069,1025,4 663,592,849,689,0 910,631,1121,726,0 1202,680,1403,773,0 1043,658,1268,745,0 763,735,924,819,0 1009,101,1225,184,0 1113,745,1296,810,0 944,731,1134,819,0
IMG_2393_jpeg_jpg.rf.1c52f1b134cebf8599afb226eb2dfbb1.jpg 1285,287,1535,803,0 427,896,1048,1323,0
IMG_2415_jpeg_jpg.rf.1e5be76b408923a86caeddb246dc292b.jpg 494,1071,786,1671,0 1171,912,1442,1464,0 272,875,433,1383,0 706,401,914,827,0 717,672,832,979,0 552,941,716,1123,0 944,1364,1191,1538,0 710,1543,1066,1709,0 227,1596,311,1757,0 317,1610,424,1762,0 492,1742,718,1891,0 322,1475,433,1617,0 302,1907,442,2047,0 0,1763,186,1900,0 108,1884,191,2009,0 167,1767,308,1878,0
IMG_2385_jpeg_jpg.rf.1fa747cd278e3a447c66cae8ef0ca199.jpg 120,828,1442,1591,0 767,1605,1119,2047,0
IMG_2401_jpeg_jpg.rf.231e379ac238aca0dfe76ddc70079c4f.jpg 1178,0,1535,577,0 319,1351,845,1811,0 567,302,968,675,0 871,1392,1287,1690,0 281,648,492,836,0 455,280,608,354,0 314,351,387,398,0 1302,434,1358,473,0
IMG_2568_jpeg_jpg.rf.21d4def9496466d22ee870d84dcb022b.jpg 631,952,1176,1131,6 751,504,1169,678,4 0,1092,354,1199,0 837,13,1006,100,0 749,151,875,236,0 760,59,970,142,0 499,0,788,46,0
IMG_2589_jpeg_jpg.rf.1de97ec83db623494f460566ccb90375.jpg 237,394,964,833,0 527,884,1087,1213,6 594,1591,1454,2047,6
IMG_2643_jpeg_jpg.rf.23549a03432a9894cf447fb7889795ca.jpg 0,602,1371,2047,4
IMG_8319_jpg.rf.21631f3e1f6313c7d3876eda5c7a55fc.jpg 508,582,1616,2265,0
IMG_2426_jpeg_jpg.rf.27319abb388b65b241856165eb779044.jpg 216,657,841,1091,0 875,646,1235,1066,0 677,1194,1106,1449,4 266,572,566,826,0 27,1564,178,1804,0 242,1076,367,1267,0 186,824,286,1013,0 0,1237,118,1393,0 65,1212,232,1354,0 0,1475,286,1609,0 181,1332,314,1459,0 604,15,1272,597,4
IMG_2417_jpeg_jpg.rf.1cffa10e779b34996f3fa1116d4f11d4.jpg 269,824,1535,1450,0 453,428,1536,1021,0 0,1514,246,1820,0 266,937,802,1162,0
IMG_2458_jpeg_jpg.rf.23da7ecbbb543ca47f6f2534cfcb34e5.jpg 1016,816,1438,980,4 1349,1062,1536,1214,4 635,1529,857,1673,0 477,1047,722,1177,4 338,107,601,205,0 253,856,532,953,0 340,372,586,463,0 333,303,571,393,0 829,937,1228,1014,4 307,210,494,277,0
IMG_2533_jpeg_jpg.rf.1d1c2f0989627bc5548b7e17b4747150.jpg 984,926,1149,1506,5 494,601,617,785,5 842,839,1063,986,5 363,1051,850,2044,4
IMG_8571_MOV-2_jpg.rf.23025cc4b401d7c181ebeb70afda4447.jpg 935,460,1080,677,0 0,926,981,1256,4
IMG_2451_jpeg_jpg.rf.217804ae3d710cc274fa195717a5dbbe.jpg 1264,74,1490,464,0 392,1052,1061,1365,4 197,1807,777,2047,4 146,629,417,839,0 423,786,676,943,0 1376,656,1535,813,0 0,710,265,848,0 1025,882,1328,1014,0 1359,883,1536,1007,0 0,916,176,1036,0 150,813,426,928,0 821,883,1035,980,0 804,801,1025,897,0 983,761,1190,839,0
IMG_2483_jpeg_jpg.rf.23368ec356f7d39ab1e17845b66a54b8.jpg 1040,755,1379,1012,1 287,1318,428,1517,1 460,1098,738,1290,1 190,780,575,968,1 282,1716,532,1901,1 675,859,914,1038,1 868,725,1044,890,1 564,1625,749,1763,1 35,1797,222,1922,1 77,1923,281,2044,1
IMG_2604_jpeg_jpg.rf.27232cff958464292fce715ed59f4e8c.jpg 322,1148,595,1298,6 93,137,231,262,0 208,230,336,347,0 365,282,479,394,0 104,40,298,151,0 0,281,158,392,0 0,110,90,216,0 1099,1000,1351,1101,6 596,403,741,500,0 294,125,429,222,0 0,418,229,516,4 1190,299,1344,390,0 460,222,544,311,0 353,199,459,279,0 910,623,1048,703,0 724,299,845,378,0 502,335,588,409,0 1093,508,1222,578,0 1071,349,1161,419,0 770,465,887,533,0 964,363,1065,428,0 622,310,704,372,0 75,0,254,60,0 1196,465,1286,524,0 1269,416,1372,474,0 744,407,844,460,0 584,257,678,308,0 924,307,1043,354,0 1266,559,1353,603,0
IMG_2548_jpeg_jpg.rf.24d2bd4e0472f32556c24db4eb34e800.jpg 1347,871,1474,983,5 608,834,778,910,5
IMG_8397_jpg.rf.1b03bd38307ce1df98cb4c9223f6a9b5.jpg 2380,470,2771,1560,4 1800,878,2246,1766,4 1770,0,2124,575,4 964,1755,1863,2297,4 2319,0,2586,308,4 734,2687,876,2909,0 3060,1978,3158,2110,0 3211,2812,3373,2917,0 836,1802,1002,1905,0
IMG_2389_jpeg_jpg.rf.1ddf3973892b4459302215fc94e3fc40.jpg 397,854,1009,1355,5
IMG_3176_jpeg_jpg.rf.2850560ec7dc83df598de870a35bf37b.jpg 325,587,2012,1178,2 1907,413,1990,502,2 118,501,187,589,2 542,495,606,570,2 206,509,267,583,2 431,509,487,583,2 308,515,374,584,2 79,507,116,570,2 620,457,657,520,2 1780,395,1865,530,2
IMG_2550_jpeg_jpg.rf.214db9ae716fbf206ba58242a023d462.jpg 640,1243,1255,1577,6
IMG_2299_jpeg_jpg.rf.20a135d0342170cc8f6bc19c74a35ac7.jpg 248,870,465,1095,3 1194,526,1285,705,3 551,909,658,1069,3 658,877,783,1033,3 486,868,588,1021,3 934,826,1118,967,3 1362,611,1482,727,3 862,1006,983,1151,3
IMG_2327_jpeg_jpg.rf.287ec75a90f904647e74d153d02ec8b1.jpg 191,1332,1076,1958,2 403,1038,806,1231,2
IMG_2511_jpeg_jpg.rf.04e64e7191f6b087a7660f8f57f68e23.jpg 153,674,1105,1485,4
IMG_8590_MOV-1_jpg.rf.2bbc125ca7ac8a05c72e586ef60ac742.jpg 144,311,595,866,1 527,712,963,1079,1 131,892,377,1247,1 0,670,116,955,1 972,1324,1080,1499,1 570,1593,745,1746,1
IMG_2565_jpeg_jpg.rf.2bd4c00583417b96f956c0cfec134ce5.jpg 1,862,85,1073,0 301,9,628,217,4 515,573,811,748,0 78,529,333,698,4 305,654,556,803,0 884,4,1047,118,0 1406,0,1535,113,0 669,1060,944,1190,6
IMG_2400_jpeg_jpg.rf.282f5f55dc57c89f264f11b412f8bec9.jpg 754,1012,1255,1389,0 224,562,522,871,0 450,1433,737,1737,0 54,873,328,1031,0 430,811,654,941,0 219,496,276,605,0 811,638,860,715,0 312,465,429,524,0 1114,572,1185,626,0
IMG_2456_jpeg_jpg.rf.2b10dfc651abac872f500142c4c47840.jpg 335,973,1124,1318,4 1088,1325,1268,1473,0 838,1243,1166,1390,0 706,589,961,717,0 537,759,766,880,0 1037,1135,1246,1255,0 188,742,464,861,0 1095,1261,1252,1380,0 1053,594,1299,709,0 1049,773,1353,887,4 717,796,915,909,0 720,354,963,455,0 851,832,1005,930,0 487,647,699,743,0 1074,295,1253,391,0 21,1589,188,1750,0
IMG_3147_jpeg_jpg.rf.2deea196f6bab4f46152d126960e564b.jpg 182,784,1142,1647,3 135,664,255,795,3 1230,234,1510,375,3
IMG_8394_jpg.rf.2c8d444a5d461f2d9286b3d669aa2f38.jpg 2171,1262,2617,2432,4 2530,1894,2679,2064,0 2700,2021,3129,2203,0 1299,1518,1428,1588,0 1346,960,1464,1020,0 392,1261,551,1323,0 477,2118,565,2315,0 366,2461,449,2562,0 922,2237,998,2287,0 1164,1948,1188,2016,0 492,1917,618,2027,0 383,1981,519,2135,0 2954,1639,3073,1717,0 1054,1058,1123,1096,0
IMG_8599_MOV-0_jpg.rf.2fd3f2a885b5a9e31cb2a202d21b12ec.jpg 711,1018,777,1125,1 659,917,737,1005,1 756,696,819,766,1 887,958,964,1027,1 129,502,183,567,1 312,721,367,780,1 81,769,129,825,1
IMG_2435_jpeg_jpg.rf.30151745cd631bb16999ec43161a84e5.jpg 0,780,1534,2046,4 971,740,1167,1160,0 0,1319,307,1689,0 128,1635,256,1808,0 574,1630,832,1786,0 0,1659,60,1777,0
IMG_2489_jpeg_jpg.rf.30b8b4911238fad1e880d537e0af49be.jpg 0,1503,353,1990,1 251,1477,1113,1846,1 20,1690,424,1956,1 981,972,1398,1218,1 1331,530,1535,640,1 1083,1867,1536,2048,1
IMG_8329_jpg.rf.2e6d7cbe219d42bd481538f727f0e683.jpg 1434,0,3173,2041,0 2848,0,3798,1262,0
IMG_8470_jpg.rf.2d4a37786a24b268793202d550bd9679.jpg 1645,190,1939,944,0 1066,789,1585,1655,0 1171,1656,1930,2105,0 766,2082,2068,3024,0
IMG_8496_MOV-1_jpg.rf.2e8027bc25285cf7a4695be13ac56ffb.jpg 0,884,486,1205,4
IMG_2558_jpeg_jpg.rf.2dce52a4f1f8baae81f629aa9e08dc5c.jpg 568,1053,1257,1361,4 1016,877,1330,1043,4 344,1330,488,1486,0 424,1433,735,1563,0 0,802,154,927,4 1180,545,1421,648,0 965,492,1213,592,0 189,475,447,573,0 118,557,356,647,0
IMG_2585_jpeg_jpg.rf.2f6a68100fb833ee309b0c3d43aaf1cd.jpg 92,1206,800,1505,6 978,832,1435,1101,6 830,114,1131,363,4 666,911,1063,1116,6
IMG_8516_jpg.rf.287f5e26605dd10b3d72e70888d82db3.jpg 718,1733,1391,2497,0 1418,1639,2067,2393,0 1347,906,1766,1641,0 1661,0,2099,700,0 1307,477,1784,1013,0 1613,830,1934,1314,0 2125,1687,2593,2493,0
IMG_3149_jpeg_jpg.rf.2d5a1a9607e5eac9eb1e4787f74110c4.jpg 370,333,933,1202,3
IMG_2449_jpeg_jpg.rf.31bf2fcfdd805c7bb31014507daa47f3.jpg 435,83,837,362,0 269,180,526,451,0 183,342,430,592,0 1053,606,1535,819,0 104,0,335,188,0 614,981,898,1161,4 54,361,269,523,0 428,503,644,658,0 910,953,1289,1099,4 184,390,420,516,0 735,693,1082,814,0 0,424,62,542,0 1126,436,1403,549,0 699,497,965,604,0 799,541,1055,643,0 1209,579,1536,667,0 417,569,731,655,0 1226,488,1455,565,0 1208,1046,1532,1191,4
IMG_2447_jpeg_jpg.rf.33dc512269bcd6a15b4751c3c3f0d1c4.jpg 387,1044,675,1313,4 637,1005,944,1170,4 158,331,453,492,0 1365,363,1536,520,0 428,395,689,534,0 0,627,300,763,0 0,525,188,642,0 648,600,919,712,0 905,570,1154,681,0 288,584,557,691,0 1156,544,1354,647,0 1415,510,1535,598,0 1060,771,1427,856,4 1228,593,1410,672,0 1056,429,1238,505,0 374,521,617,589,0 925,1470,1176,1644,0
IMG_2418_jpeg_jpg.rf.2c977aa75de14e6a78b8dc0f9b0c117e.jpg 275,1212,1337,1687,4 935,88,1244,480,0 1293,837,1536,1201,0 950,598,1171,962,0 114,363,446,666,0 886,393,1149,669,0 0,989,324,1226,4 1299,776,1481,975,0 388,634,605,815,0 747,638,907,781,0 939,803,1200,942,0 622,689,699,824,0 431,1218,646,1344,0 636,839,824,952,4 801,747,1029,856,0 537,926,735,1030,0 170,872,293,964,0 450,861,597,945,0 0,881,92,956,0 109,885,205,959,0 319,953,369,1020,0 442,791,585,884,0
IMG_8533_jpg.rf.318681d9eb5ec7e1634de7363e2e3b9f.jpg 794,1216,1429,2008,3 487,896,736,1294,3 2469,1095,2837,1455,3 1441,1051,1671,1377,3 636,2142,844,2351,3 1585,665,1918,817,3 955,577,1143,705,3
IMG_8318_jpg.rf.3219ff3d4d5bf1a4b68815150fd146e2.jpg 1097,801,2600,2841,0 1538,738,1950,1365,0
IMG_2310_jpeg_jpg.rf.3040a623796dab2e8c1ffbac53533692.jpg 470,485,950,1315,2
IMG_3159_jpeg_jpg.rf.3748b7fa655c218fe0f1ef60208bf475.jpg 307,0,1457,459,3 724,1208,1088,1443,3 0,394,247,645,3
IMG_8439_jpg.rf.34da15e9c40eda19beeca712fd052e72.jpg 1150,391,1889,2769,4
IMG_2349_jpeg_jpg.rf.2e1d053b4cdceae54b081f470479da78.jpg 323,682,1281,1233,2
IMG_2618_jpeg_jpg.rf.33aa52f311beab55b89a27b0651a62b3.jpg 21,1337,175,1433,0 94,1273,224,1365,0 630,918,934,1134,6
IMG_2362_jpeg_jpg.rf.28c6e41090047ff0c72a52c8d88cfb19.jpg 683,1050,1053,1637,4 190,1092,918,1403,4 1016,546,1432,1692,0
IMG_2564_jpeg_jpg.rf.38ab565d91fa6672ba335e4a3d9c58c1.jpg 744,1056,1096,1305,6 1012,376,1248,538,0 670,216,993,363,4 338,906,664,1047,0 103,511,412,622,0 195,413,382,519,0
IMG_8551_MOV-3_jpg.rf.2c4b1a5c00b43a96ed065d269d309ea0.jpg 757,462,1010,628,0 720,202,955,352,0 318,751,488,878,0 860,326,1050,448,0 12,901,136,1004,0 473,713,567,801,0 165,59,284,115,0
IMG_2524_jpeg_jpg.rf.2242f548ec6acd6de0c899fc1ca98520.jpg 553,776,1217,1417,3
IMG_8461_jpg.rf.30665d3ec6bd39e9936c24d35508acac.jpg 1003,762,1433,1424,0
IMG_2463_jpeg_jpg.rf.36bddb4fb94398044047b7345fc6c420.jpg 195,1669,544,1957,1 1169,1533,1416,1761,1 1264,676,1505,887,1 519,1690,771,1893,1 116,593,329,791,1 1005,1787,1274,1976,1 5,372,244,561,1 926,852,1210,1009,1 490,1593,751,1737,1
IMG_8512_MOV-2_jpg.rf.3996e2e5e472fb966256a2fef5eb5a3b.jpg 411,430,1293,834,0
IMG_2403_jpeg_jpg.rf.319280a2148a48c37ecc4dfcbb2cfb96.jpg 211,687,1536,1572,0 1169,878,1536,1269,0 521,408,902,735,0 1169,442,1408,674,0 1123,576,1198,651,0
IMG_2611_jpeg_jpg.rf.39cbb383fa0b99a22acbcfb757fd92b9.jpg 660,876,994,1181,6 1245,1168,1481,1368,0 1015,1125,1234,1283,0 893,201,1535,513,4
IMG_2307_jpeg_jpg.rf.3b5284e8b85be59d12e7f5a88068024d.jpg 720,997,888,1196,2 949,861,1037,1021,2 1203,870,1315,1019,2 859,878,917,1017,2 566,823,620,938,2 368,842,436,949,2 61,838,110,944,2 615,831,671,922,2 416,780,473,871,2 117,828,172,916,2 1268,840,1326,926,2 1320,859,1349,937,2 340,836,383,911,2 481,844,529,912,2 193,838,223,904,2 1042,849,1079,903,2 834,828,892,904,2
IMG_8582_MOV-1_jpg.rf.3bab09c97209170848b37f5db94181d7.jpg 5,815,146,1325,0 642,990,1080,1431,4 73,807,477,1007,6 735,442,877,497,0 599,451,878,717,0
IMG_2283_jpeg_jpg.rf.3c31b131e2e7f5fa43917de407560292.jpg 700,981,837,1216,3 403,532,545,744,3 989,1109,1222,1292,3 390,942,556,1085,3 0,831,121,970,3 172,951,319,1083,3 678,517,821,624,3
IMG_2274_jpeg_jpg.rf.3d9a327d4097cfb70691313b0aa76fb5.jpg 159,894,681,1194,0 1155,1183,1535,1441,0 852,524,1164,749,0 0,565,504,789,0 610,802,1049,1016,0 424,334,971,538,0 591,492,990,695,0 171,1528,577,1728,0 811,89,1347,287,0 419,1499,914,1689,0 1133,251,1535,439,0 1095,1630,1535,1810,0 1077,924,1535,1098,0 7,1306,462,1474,0 938,1337,1318,1495,0 1229,724,1536,880,0 0,1823,150,1978,0 446,1565,893,1715,0 718,1510,1019,1659,0 0,932,136,1079,0 1085,1791,1535,1935,0 1137,777,1260,918,0 0,46,122,187,0 646,1677,1071,1816,0 579,1047,788,1185,0 209,483,510,621,0 0,1677,244,1808,0 424,1262,768,1390,0 981,1212,1185,1329,0 457,1427,879,1531,0 1251,1191,1535,1294,0 310,1957,724,2048,0 853,1957,1262,2048,0 0,216,41,319,0
IMG_2311_jpeg_jpg.rf.3e1c1162433f283ee5df3fe9784c4888.jpg 121,776,1412,1421,2
IMG_2369_jpeg_jpg.rf.4172a481ce0e8029ee9b1cf35a99d186.jpg 162,694,1115,1394,0 828,1315,1445,2047,0
IMG_2429_jpeg_jpg.rf.4167be6385b7a00a92c28ab2c5908f3e.jpg 259,831,1536,1705,4 645,1754,1061,2040,0 0,1640,170,1798,0 283,756,370,897,0
IMG_2459_jpeg_jpg.rf.3ebf3eb2ca0336f663513aaf8b5182f7.jpg 160,1625,389,1822,0 368,776,621,925,4 495,69,656,207,0 3,284,142,418,0 470,1106,771,1227,4 991,884,1345,1004,4 584,79,795,198,0 534,910,773,1027,0 0,1131,240,1242,0 606,396,783,484,0 0,790,134,876,0 497,350,655,422,0 601,5,808,76,0 1477,547,1536,693,0
IMG_2657_jpeg_jpg.rf.3e53510315d32b0210bbcae9beaefc4d.jpg 608,864,1253,1221,4 0,1737,126,1961,0 0,1504,218,1690,0 165,1494,315,1654,0 482,291,619,376,6 679,675,737,715,0 697,756,753,794,0
IMG_2501_jpeg_jpg.rf.3f5b8202a67f83b479b48dd6fa5a4cda.jpg 653,806,885,1111,4 101,0,753,251,0 67,333,244,507,0 209,918,351,1027,4 396,1399,523,1503,0 176,805,216,892,0 69,1067,139,1150,0 502,1192,634,1274,4 824,515,900,592,0 752,1362,834,1437,4 40,876,156,947,0 13,1548,187,1618,6 855,1147,987,1209,0 286,846,425,907,0 460,814,596,874,0 884,865,1017,925,0 767,1046,864,1104,0 957,929,1091,986,0 557,888,691,942,0 377,949,507,1002,0 238,826,368,878,0 402,914,474,966,0 973,868,1098,919,0 663,855,767,905,0 1051,1072,1097,1121,0 1063,1114,1085,1142,0 992,1127,1035,1149,0 1033,1175,1054,1196,0 1130,1133,1164,1152,0 1017,1150,1040,1168,0
IMG_2625_jpeg_jpg.rf.477d8e8ddceabe092027b18fdb73cfb4.jpg 400,645,730,1330,6
IMG_8386_jpg.rf.4036edad9f54b59df308cc03483a2ae0.jpg 618,806,1333,1778,0 776,2130,1477,3024,0 267,634,1067,1389,0 1437,1242,1934,1931,0 168,1322,739,2004,0 3175,990,4032,1619,0 245,2398,890,3024,0 2303,1867,3109,2421,0 3262,1369,4026,1730,0 2098,2573,3012,2916,0 2502,0,3557,1852,4
IMG_2314_jpeg_jpg.rf.3d1b361d2524914c96b27168eee6c1b0.jpg 100,1511,604,1817,2 914,893,1156,1134,2 664,484,841,704,2 1178,383,1280,512,2 946,405,1040,509,2 1309,399,1369,498,2 1455,382,1536,481,2 536,729,808,817,2 1356,427,1423,493,2 1141,420,1185,480,2 1057,433,1137,490,2
IMG_2621_jpeg_jpg.rf.41263e7b0d3c68b1f7eda4452572f60a.jpg 241,809,1051,1185,6 72,1800,237,2034,0 366,1831,468,1988,0 446,1694,520,1814,0 563,1668,709,1765,0 519,1611,589,1736,0
IMG_2575_jpeg_jpg.rf.4239213c0ba0c3887bde44e215505b1a.jpg 200,1081,870,1596,1 516,446,975,943,1 40,799,451,1253,1 940,1386,1224,1832,1 1111,580,1508,999,1 346,1789,776,2006,1 654,1625,986,1821,1
IMG_8581_MOV-3_jpg.rf.3ee44fb80e6586155a6933290357ebe2.jpg 235,994,566,1280,0 484,933,793,1199,0 490,510,661,761,0 518,701,721,943,0 807,1077,1004,1304,0 2,877,201,1099,0 267,785,398,997,0 324,660,490,857,0 829,612,1011,809,0 734,574,877,768,0 68,733,240,926,0 751,802,990,985,0 950,596,1080,771,0 817,928,1029,1097,0 261,504,369,672,0 582,507,728,675,0 0,218,207,358,4 435,153,529,228,0 916,98,1015,162,0 687,151,737,197,0
IMG_8410_jpg.rf.46091615d828aed72022364f71965b7f.jpg 1554,779,2614,2582,4
IMG_2461_jpeg_jpg.rf.48e72ea5e777f66e78638cf097250090.jpg 1043,744,1519,913,4 439,1711,619,1879,0 0,578,184,738,0 558,1165,929,1303,4 365,649,641,786,0 1092,1104,1425,1232,4 1389,1409,1535,1517,4 521,772,756,874,0 0,898,204,998,0 247,744,523,843,0 1,818,139,910,0 454,1071,735,1163,0 484,920,709,1011,0 609,843,818,932,0 439,823,633,905,0 183,828,397,905,0 677,904,871,980,0 158,883,292,949,0
IMG_2312_jpeg_jpg.rf.47b970d04ae790f8d2515e6f64822f93.jpg 333,854,1535,1681,2
IMG_2638_jpeg_jpg.rf.4932a8cfeb4e2039f4034d80da6409cf.jpg 833,1749,1195,2048,6 272,1429,647,1709,6 1319,1096,1536,1295,4 406,503,1318,1425,6
IMG_8327_jpg.rf.4437e699754b28eaf2ffe95ab3bc5daf.jpg 167,629,2292,2651,0
IMG_2561_jpeg_jpg.rf.48875ef920c9449cf55599ce57bf6945.jpg 371,1044,1373,1526,4 391,548,1428,965,4 981,1619,1288,1822,0 1012,1173,1173,1315,0 148,366,441,492,0 555,920,727,1043,4 0,399,152,514,0 715,507,980,622,0 368,387,526,493,0 1387,547,1535,652,0 618,398,860,503,0 833,399,1004,498,0 436,475,718,574,0 891,495,1072,582,0 0,465,125,550,0 565,346,792,429,0 98,205,297,286,0 912,678,1147,756,0 495,613,681,757,0
IMG_2494_jpeg_jpg.rf.4bb130bd64dae3568e8a9d088ec89bd3.jpg 1071,10,1535,368,0 1010,309,1301,571,0 746,826,1278,1044,4 840,334,1037,539,0 773,1657,1244,1861,0 789,536,863,733,0 961,524,1019,704,0 382,1463,604,1633,4 385,1180,759,1347,4 541,988,914,1152,4 1455,483,1535,638,0 645,1601,975,1755,0 759,768,906,902,0 876,721,980,843,0 1184,884,1329,1002,0 593,729,738,831,0 933,728,1201,830,0 813,724,890,823,0 1376,928,1535,1005,0 981,843,1075,905,0 1044,818,1151,879,0 1050,875,1150,932,0 1107,915,1200,969,0 1159,963,1239,1017,0 1255,898,1378,976,0
IMG_2545_jpeg_jpg.rf.45285bb650ecb7655be2d65fb1224515.jpg 134,1369,430,1739,5 658,948,986,1229,5 1065,1393,1430,1793,5
IMG_2427_jpeg_jpg.rf.3ea8d4035c8d786a23c3118b53b22449.jpg 227,53,944,766,0 728,938,1076,1418,0 1102,1336,1468,1731,0 978,610,1180,1001,0 107,1277,178,1427,0 562,1228,648,1361,0 368,1201,476,1330,0 0,1450,99,1558,0 670,1305,777,1411,0 401,1341,537,1445,0 189,1335,319,1412,0 453,1214,540,1289,0 65,1356,220,1431,0 0,1471,131,1543,0
IMG_8544_jpg.rf.49e0d4c3cf4877c3c335269d43f105e1.jpg 2063,188,2473,782,0 585,383,721,662,0 1157,38,1303,287,0 1376,600,1604,821,0 2065,1823,2249,2019,0 2072,14,2349,204,0 1191,1721,1429,1904,0 1672,756,1775,925,0 1048,89,1160,249,0 938,773,1031,911,0 917,94,1027,228,0 795,0,938,128,0 1870,868,1970,996,0 1616,1170,1844,1297,0 1116,660,1225,783,0 666,780,765,897,0 1311,1572,1439,1679,0 1137,2020,1304,2139,0
IMG_2433_jpeg_jpg.rf.4c5cde0f9fb52386fcda6c4db45aa863.jpg 587,727,1535,1687,4 1012,576,1251,766,0 303,1707,671,1862,0 1181,1802,1504,1941,0 768,1292,978,1419,4 229,897,547,1019,0 1365,715,1531,833,0 599,1143,683,1232,0 714,1450,927,1539,4 60,1365,234,1444,0 182,985,250,1056,0 516,1130,668,1201,0 245,1170,425,1236,0 183,1119,358,1185,0 374,1066,526,1131,0 685,1123,802,1184,0 347,1066,453,1124,0 542,1040,647,1098,0 81,1092,160,1147,0 727,1088,891,1140,0 148,1090,236,1140,0 354,1012,420,1061,0 586,1012,678,1057,0
IMG_8399_jpg.rf.44901d765fa6f72cde1a319220093ce1.jpg 2004,1110,2634,2512,4 2204,939,2697,1812,4 1199,169,1720,931,4 756,2280,852,2568,0 3065,2676,3170,2894,0 1002,1803,1192,1922,0 1031,1684,1079,1801,0 581,2508,646,2624,0 2458,2840,2566,2920,0
IMG_8406_jpg.rf.4e65ecc56f987c527b993e1779aea172.jpg 416,1742,691,2523,4 2514,1932,2672,2649,0 2460,423,3014,738,0 3220,1652,3270,1967,0 3194,92,3710,320,0 3389,1769,3563,1949,0 2471,2714,2568,2893,0 3520,2025,3716,2204,0 2308,532,2476,662,0 2025,2312,2188,2432,0 1832,1600,1983,1700,0 1981,1535,2094,1623,0
IMG_8392_jpg.rf.48f68beb6a6c2c17badc5713b26aa48c.jpg 853,385,1051,502,0 539,2735,725,2880,0 672,2794,835,3021,0 1152,2587,1281,2869,0 1485,2159,1703,2364,0 1524,2020,1611,2171,0 2606,2375,2759,2592,0 3003,1252,3204,1500,0 2487,277,2645,508,0
IMG_2480_jpeg_jpg.rf.4a3e35b287305f2ef6a7bd93ef98cd12.jpg 983,369,1163,580,1 853,1409,975,1612,1 1058,1353,1269,1553,1 642,1643,852,1830,1 364,1217,560,1356,1 1078,1025,1250,1163,1 464,1618,637,1750,1 794,933,991,1064,1 859,868,1059,999,1 937,1028,1104,1157,1 1197,984,1373,1110,1 1043,1652,1235,1777,1 1379,1716,1536,1834,1 548,849,777,966,1 1405,1049,1536,1158,1
IMG_8424_jpg.rf.4d63b396960695edefa63d7cf83dd710.jpg 1830,1074,2770,2277,6 1322,1117,1418,1279,0 2163,2699,2246,2828,0 2406,2907,2511,3024,0 1916,2423,2016,2517,0 2683,2530,2739,2696,0
IMG_2487_jpeg_jpg.rf.4eff51cb40622b89d6e5055485a06779.jpg 228,1173,631,1464,1 725,1347,1118,1596,1 0,1124,318,1363,1 421,758,715,947,1 1200,1337,1378,1486,1 993,1139,1155,1205,1 720,1054,875,1187,1
IMG_3162_jpeg_jpg.rf.3c58305ef75340918cf40552f6590ef4.jpg 241,1052,898,1318,3 129,428,716,688,3 582,487,1065,708,3 202,1535,325,1670,3 990,737,1280,857,3
IMG_2551_jpeg_jpg.rf.542655da5f25c6d04807fc1bab0c05d1.jpg 796,913,1257,1432,6
IMG_2649_jpeg_jpg.rf.515aff08393dfef02e07aa8b19cf870d.jpg 714,886,1031,1086,6
IMG_2460_jpeg_jpg.rf.54b3c26495cc175ea16f9bbf850d23a8.jpg 0,410,341,640,0 388,528,924,747,0 385,130,456,328,0 1077,1121,1352,1281,4 888,907,1250,1066,4 278,237,336,387,0 184,841,474,960,4 488,1041,744,1148,0 304,1189,607,1293,4 1060,1350,1466,1522,4
IMG_2331_jpeg_jpg.rf.529f102eddffd50d8787319b5939a28c.jpg 0,385,510,1067,2 490,1228,970,1425,2
IMG_8511_jpg.rf.503cda5f462d05ec9718af80dcab2c56.jpg 468,936,1535,1533,0 3372,689,3502,797,0 3544,668,3662,755,0 3555,797,3695,877,0 3278,889,3459,961,0 3310,574,3404,633,0
IMG_2629_jpeg_jpg.rf.5a115d036c83ff07cd4c18e65a7b30cf.jpg 41,532,1191,1187,6 1267,1161,1533,1599,6
IMG_2540_jpeg_jpg.rf.5c798bf18b2328a4885af94e127233c9.jpg 597,647,1121,1419,5
IMG_2320_jpeg_jpg.rf.59cb47e9714627a9af2c71704745561b.jpg 454,603,603,821,2 678,968,948,1128,2 1334,490,1426,605,2 994,506,1079,614,2 749,512,849,620,2 1386,450,1432,544,2 1072,510,1132,603,2 1519,510,1535,596,2 1402,530,1473,613,2 1275,525,1331,600,2 956,518,989,575,2 1092,554,1272,607,2 906,551,981,588,2 1429,560,1497,596,2 1342,491,1390,523,2
IMG_2421_jpeg_jpg.rf.4f38737c5ff00d948b450e75c64c5f9a.jpg 162,789,792,1113,4 596,1369,1285,1646,0 1279,821,1536,978,0 1339,1579,1536,1725,4 822,1105,1162,1249,0 1102,1566,1342,1710,0 1198,1156,1406,1290,0 1210,1009,1383,1142,0 933,1166,1208,1294,0 147,1937,528,2047,0 670,1222,783,1317,0 280,1114,508,1206,0 4,1756,196,1842,0 819,1284,891,1367,0 0,1284,128,1354,0 438,1188,576,1257,0 66,1321,218,1389,0 0,1959,158,2048,6
IMG_8572_MOV-0_jpg.rf.5328dab23bcee5086c2c07a4aeeaabe0.jpg 0,338,796,815,4
IMG_2332_jpeg_jpg.rf.54f7d2190a6a612a0b609bf4f000b8bc.jpg 563,836,1207,1308,2 136,388,260,543,2 287,667,759,789,2 437,365,484,486,2 395,392,451,506,2 262,420,359,529,2 508,349,586,438,2 486,295,549,377,2 0,412,70,518,2
IMG_8445_jpg.rf.592717dcca36973e0c4955e869374b79.jpg 1738,177,2106,791,6 3720,853,4030,1202,0 2872,864,2962,1120,0 1206,894,1293,1134,0 2276,519,2355,717,0 986,2298,1105,2453,0 3811,1271,3865,1424,0 2355,2618,2431,2738,0 805,2537,924,2654,0 3167,2649,3227,2756,0 3006,1559,3136,1665,0 3811,2637,3887,2741,0 3539,2804,3610,2906,0 2247,1153,2291,1252,0 3311,2576,3372,2674,0 1637,891,1662,969,0 2022,956,2080,1027,0 2504,2417,2552,2476,0 2212,1013,2254,1068,0 2436,2634,2501,2688,0 1702,1151,1739,1182,0 1094,1140,1362,1772,6
IMG_8509_jpg.rf.5c94fdd5d07940f9d2f4563d56b16aec.jpg 2009,1304,2281,1647,4 2507,1962,2767,2268,4 2115,1933,2191,2148,0 2352,2316,2570,2465,4
IMG_2485_jpeg_jpg.rf.5c67f65929286874942cb7fd5685f7a4.jpg 581,1213,1012,1481,1 151,1149,520,1412,1 1120,1060,1317,1208,1 443,837,776,981,1 0,1397,342,1529,1 829,1071,962,1161,1 954,1066,1128,1130,1
IMG_8387_jpg.rf.531c5732ba2ef9bf8ffe7803895534d7.jpg 598,688,1260,1605,0 1291,582,1858,1252,0 1839,1073,2286,1687,0 1016,1598,1265,2005,0 727,2617,1139,3024,0 2455,2007,3062,2352,0 3296,1174,3843,1477,0 3066,1471,3931,1741,0 2194,2473,2959,2704,0 1071,2341,1523,3024,0
IMG_2516_jpeg_jpg.rf.5ac3565d0c8c1cf6504b03f82915698e.jpg 663,913,974,1220,4
IMG_2422_jpeg_jpg.rf.5c92d0e358323bde0efd62670567f5ba.jpg 231,202,1536,1385,0 176,584,1195,1383,0 811,1332,1058,1690,0 1113,623,1535,919,0 11,1229,126,1463,0 681,1573,880,1771,4 115,1487,200,1684,0 610,1259,689,1451,0 1451,558,1536,742,0 574,1359,720,1522,0 210,1523,350,1648,0 224,1430,356,1553,0 898,1264,1093,1363,0 0,1511,38,1602,0 901,168,1536,617,0
IMG_2562_jpeg_jpg.rf.5e4f7f50c3ee5b052d2f25d698793d02.jpg 2,437,222,1000,0 1376,1544,1535,1671,0 1150,1572,1429,1681,0 687,1568,1015,1674,0 1048,1450,1310,1551,0 944,1450,1162,1550,0 921,1549,1098,1647,0 631,1464,927,1561,0 1272,1359,1456,1423,0 160,1070,1434,1560,6
IMG_2409_jpeg_jpg.rf.51cefdd85f4320ad4f5f7db9639b7b87.jpg 529,825,1366,1442,0
IMG_2443_jpeg_jpg.rf.6246b5cc9b3a6dc048605aaf9e66e779.jpg 419,1055,850,1300,4 91,257,739,467,4 947,788,1224,946,0 850,773,1160,925,0 956,1070,1093,1237,0
IMG_8591_MOV-2_jpg.rf.6253674825693f8eec7f9c1d270e6b38.jpg 311,904,437,1031,1 718,1456,905,1571,1 880,1142,1019,1256,1 1014,458,1080,539,1 0,1410,38,1481,1 1028,982,1080,1053,1 835,1453,899,1517,1 395,212,496,266,1 320,1534,401,1598,1
IMG_8356_jpg.rf.62619bb2ea524e351e3871bd7ca4af77.jpg 1747,940,2023,1235,0 968,1292,1150,1583,0 2200,699,2337,965,0 2024,470,2145,711,0 2716,488,2904,725,0 1620,766,2069,965,0 1488,907,1922,1069,0 3397,304,3701,461,0 3099,408,3404,545,0 2961,145,3135,242,0
IMG_2328_jpeg_jpg.rf.6be696901cb324388d66a4d30329c41c.jpg 590,1155,839,1356,2
IMG_8551_MOV-0_jpg.rf.66c453234ebfa43a7c99c1c2b0140b55.jpg 335,581,719,722,0 4,343,114,546,0
IMG_2624_jpeg_jpg.rf.6bfea736a77f17fa4b9ee3951550bc6a.jpg 203,910,1091,1443,6
IMG_8412_jpg.rf.66f6bf6437bcf93b69bb1198837b71f7.jpg 329,797,1106,1681,4 1690,2545,1847,3018,0 905,2672,1090,3024,0 1521,1826,1658,2098,0 3134,707,3265,918,0 2854,1011,3020,1206,0 2433,2414,2534,2588,0 2071,1345,2536,1511,0 2381,1160,2686,1297,0 1462,2889,1525,3024,0
IMG_8599_MOV-2_jpg.rf.62e0ff060587829f3c46fa93673d390f.jpg 270,961,422,1140,1 367,436,470,589,1 714,1114,850,1230,1 342,1120,499,1336,1
IMG_2441_jpeg_jpg.rf.6e35b644c4ade4e5abb93be8d98d4b1d.jpg 1141,2,1491,467,0 233,0,658,313,0 661,0,813,263,0 851,959,1086,1196,4 611,468,749,674,0 141,991,314,1163,4 694,1260,891,1430,4 112,863,243,1019,0 396,726,486,879,0 286,840,414,977,0 927,681,1172,816,0 0,1124,76,1259,0 420,590,619,724,0 452,853,543,987,0 241,733,435,840,0 0,1218,67,1320,0 0,804,211,906,0 767,520,913,620,0 0,879,173,980,0 718,590,841,689,0 442,745,540,833,0 772,679,956,840,0
IMG_2290_jpeg_jpg.rf.6cfc59b4cdb4a2ccb7c81aff3783d6cf.jpg 446,620,1346,1410,3
IMG_8408_jpg.rf.636f3c761a0a12d86d5c0543b47d5198.jpg 839,499,1425,2297,6 3126,1687,3256,2310,0 3714,977,3827,1648,0
IMG_2576_jpeg_jpg.rf.638762894644ed6c108fe717332b6db0.jpg 461,227,765,722,1 892,1403,1260,1788,1 1092,785,1425,1030,1 442,930,755,1164,1 526,1201,859,1426,1 359,234,564,389,1 1453,860,1535,975,1 200,1660,459,1949,1
IMG_8502_jpg.rf.6c729f9f273f7152d8157524b4d9d474.jpg 1079,800,2129,2435,0
IMG_2282_jpeg_jpg.rf.7144b899cc667f23319396411a086eae.jpg 631,844,1212,1134,3
IMG_3125_jpeg_jpg.rf.6f84fde2542e57a822082d0df482f130.jpg 328,760,1258,1258,5
IMG_8338_jpg.rf.60d56ed504aa4bc6ed76d98493c40b06.jpg 939,593,1066,813,0 829,474,931,631,0 2406,1517,2502,1668,0 3077,1434,3231,1653,0 3252,1848,3390,2067,0 3530,1061,3647,1166,0 3914,1114,4032,1689,0 984,2425,1156,2915,0 766,2769,883,3009,0 1219,325,1302,526,0 1367,319,1448,502,0 2047,1574,2150,1748,0 1166,1232,1253,1444,0 1182,92,1280,238,0 810,1130,885,1324,0 790,1035,915,1110,0 915,1394,985,1533,0 1059,1503,1144,1678,0 756,1449,850,1613,0
IMG_8531_jpg.rf.5fd3d282ee6ebc6650a4f9e7af27caac.jpg 1106,532,1520,957,3 1277,2096,1945,2681,3 1132,1735,1441,2051,3 1035,2636,1333,2986,3
IMG_8571_MOV-5_jpg.rf.6df2f71f39622f3ee9dd592bcffc48a3.jpg 0,837,224,1138,4
IMG_2600_jpeg_jpg.rf.6ddff2e3762bd8a620d487d42152dfc6.jpg 147,4,622,222,4 2,186,185,404,4 236,727,499,891,4 735,460,925,615,4 1081,666,1470,807,4 248,120,443,225,0 820,170,969,269,0 1285,197,1405,285,0 543,372,723,455,0 1044,287,1183,367,0 1411,465,1536,545,0 326,256,539,332,0 581,342,758,417,0 973,347,1128,420,0 919,282,1103,355,0 1243,333,1384,406,0 311,274,495,347,0 1134,314,1234,384,0 945,257,1081,324,0 763,986,907,1053,6 1374,279,1503,345,0 1028,881,1162,945,0 851,246,976,310,0 1188,254,1323,316,0 1179,871,1291,921,0
IMG_8451_jpg.rf.711c3d0f6058ab935f85ca9fcc8b7fd0.jpg 1595,1161,1926,1314,0 1551,1537,1829,1699,0 1706,1737,2058,1920,0 2797,1911,3322,2113,0 2780,1587,3221,1816,0 2722,1645,3135,1879,0 1878,2132,2228,2264,0 2679,2573,3193,2887,0 19,1107,915,1608,0 216,870,1024,1231,0 1249,1477,1486,1644,0 1272,1791,1634,1968,0 2107,1447,2470,1619,0 2241,1243,2543,1436,0 3651,1816,4032,2033,0 2251,1764,2501,1873,0 1695,1333,1997,1514,0 2604,1526,2942,1653,0 1213,1749,1436,1882,0 754,1647,1164,1804,0 1164,1538,1433,1686,0 1424,1185,1668,1318,0 464,678,630,901,0 1065,826,1780,1091,0 2700,1013,2827,1125,0 823,1372,1125,1469,0 3426,2332,3566,2585,0 3268,2404,3408,2639,0 2992,2770,3326,2938,0 956,1042,1166,1195,0 763,1110,1034,1221,0 3652,1916,3839,2072,0 3813,2183,3972,2353,0 2091,1357,2195,1439,0 2197,1441,2400,1549,0 2586,1380,2936,1691,0 984,1863,1226,1999,0 1888,737,2020,848,0 1784,769,1907,839,0 1744,838,1893,952,0
IMG_2321_jpeg_jpg.rf.68d60b9665391f708d51a9859f9476e6.jpg 670,904,997,1134,2 0,516,183,745,2 1238,449,1395,628,2 290,408,407,529,2 921,363,974,470,2 554,420,641,522,2 886,397,952,490,2 817,423,883,507,2 669,431,771,515,2 1047,418,1077,492,2 453,441,537,514,2 1136,405,1175,467,2 1084,405,1128,466,2 1400,410,1434,465,2 1182,434,1234,487,2 1495,447,1533,490,2
IMG_8463_jpg.rf.615aecce722f737542bba2ae33c5d5d5.jpg 1426,2440,1727,2710,0 1302,2243,1546,2521,0 1236,2136,1453,2425,0 1108,2050,1231,2289,0 1725,2092,1998,2395,0 1860,1891,2100,2152,0 1542,1920,1820,2192,0 1471,2104,1656,2254,0 1827,1482,2119,1788,0 2067,979,2427,1386,0 1936,1197,2170,1386,0 1448,1324,1721,1502,0 1638,1023,1852,1258,0 1493,888,1758,1136,0 2050,425,2295,726,0 1792,14,2113,539,0 1660,2324,1893,2398,0 1826,982,2101,1132,0 1946,314,2126,536,0
IMG_8578_MOV-1_jpg.rf.7131b77926ca05ab0dcaa76dcbefdce8.jpg 238,304,1047,867,4
IMG_2399_jpeg_jpg.rf.6ddf89c58ac77d7894fa0ac1092c2e2e.jpg 402,1291,1096,1808,0 415,544,931,968,0 159,409,283,629,0
IMG_3148_jpeg_jpg.rf.71556e17345f576dc815e9e0a18e22d5.jpg 0,411,1535,1720,3 919,602,1065,779,3 809,544,927,715,3
IMG_2344_jpeg_jpg.rf.729c5d6ec32af6af493e2af910a9ceac.jpg 719,731,888,969,2 321,1318,975,1529,2 409,708,495,914,2 452,730,581,911,2 838,821,940,969,2 1346,903,1462,1042,2 1136,870,1200,1009,2 1085,889,1161,1017,2 1070,879,1109,1001,2 675,815,735,936,2
IMG_3131_jpeg_jpg.rf.748e6ea14ca4a75faac8d318a9940251.jpg 848,1034,1335,1287,3 916,514,1127,712,3 1220,522,1344,697,3 1324,508,1420,681,3 1104,524,1173,668,3 211,517,308,657,3 714,452,802,591,3 1341,246,1442,378,3 1428,274,1525,398,3 369,532,432,655,3 438,521,544,633,3 131,645,269,721,3
IMG_2609_jpeg_jpg.rf.7738960e9ea27a6587f947912bc35c8d.jpg 532,989,1060,1611,5
IMG_8496_MOV-6_jpg.rf.773e9f23040c06bc8d18e9199dd6a47d.jpg 324,677,448,832,0 824,509,1080,638,0 0,925,1080,1367,0
IMG_2650_jpeg_jpg.rf.7845dd301038dab78c79d6c0b4e0c00a.jpg 455,871,1137,1350,6 631,556,954,813,6 1311,1248,1536,1412,0
IMG_8535_MOV-2_jpg.rf.7801683413ae39eb5a03ae28356175f7.jpg 659,440,868,682,3 504,407,593,545,3 333,400,448,522,3 1551,129,1659,242,3 578,442,688,528,3 764,453,843,538,3
IMG_3188_jpeg_jpg.rf.7813755a1eafb73a3ca19b2f8f0fb0f5.jpg 308,51,781,694,0 498,749,765,1044,5 1056,1127,1228,1365,5 1144,1588,1267,1762,5 841,1171,933,1344,5 1019,1897,1225,2048,5
IMG_2530_jpeg_jpg.rf.797df4495644f6fe0b075133e746ad38.jpg 760,1046,938,1246,2 1201,882,1299,1063,2 592,982,699,1153,2 952,978,1002,1117,2 1091,901,1184,1028,2 1016,941,1080,1048,2 29,1069,148,1155,2 371,1074,432,1150,2 1392,970,1434,1041,2 123,957,178,1026,2 1460,991,1518,1055,2 1485,894,1522,946,2 271,1000,300,1047,2
IMG_2606_jpeg_jpg.rf.723df861d76cead299021020657cb4df.jpg 666,1012,1067,1199,6 1016,88,1145,180,0 1137,612,1237,688,0 996,716,1073,786,0 956,626,1052,683,0
IMG_2414_jpeg_jpg.rf.75555d258968558b749c258fca749231.jpg 363,723,1106,1400,0 446,0,767,429,0 1210,1278,1468,1659,0 1159,1012,1365,1307,0 1350,981,1493,1235,0 1293,780,1536,1010,0 1381,1550,1536,1707,0 1157,1811,1265,1941,0 1269,1722,1420,1849,0 378,1683,496,1789,0 1085,1557,1199,1663,0 1004,1542,1081,1647,0 632,1824,855,1926,0 546,1684,688,1777,0 920,1718,1041,1809,0 154,1811,331,1900,0 0,1851,110,1938,0 773,1633,919,1720,0 1143,1481,1219,1564,0 734,1739,844,1819,0 250,1730,380,1806,0 868,1609,984,1672,0 1036,1656,1106,1831,0
IMG_2405_jpeg_jpg.rf.767ab12cb159e2dca055a8ed06837dc6.jpg 709,1105,1231,1565,0 253,1351,740,1726,0 227,337,472,576,0 467,349,625,486,0 176,230,305,294,0 179,191,320,249,0
IMG_8571_MOV-4_jpg.rf.76f43bd518f6a079255b26df8d95599b.jpg 5,657,501,895,0 173,930,938,1200,0
IMG_8537_jpg.rf.770e2bf8816cb1fcb2b574c35fa9538e.jpg 2888,67,3171,877,0 1474,1074,1914,1882,0 1133,1461,1519,2143,0 1615,520,1870,1028,0 1817,906,1993,1228,0 1681,2413,1889,2652,0 2648,679,3038,886,0 1073,548,1291,749,0
IMG_8535_MOV-3_jpg.rf.74bc4297f8c738e56480f46adadf4038.jpg 1232,665,1409,879,3 1625,912,1863,1080,3 675,279,821,400,3 1696,321,1859,418,3
IMG_2488_jpeg_jpg.rf.7a7c79f6a2c8246de20ff4075ed8d947.jpg 771,1009,1223,1302,1 0,1571,337,1832,1 0,355,48,607,1 1126,1039,1525,1255,1 45,1076,485,1288,1 0,1416,231,1628,1 802,1538,1068,1722,1 0,1026,83,1202,1 531,1600,761,1722,1 401,1303,614,1409,1 666,1570,843,1671,1 519,1559,653,1657,1 0,1885,194,2048,1
IMG_3123_jpeg_jpg.rf.7a8a496ef318c87848830b8993e23b7b.jpg 86,359,1497,1493,5 996,875,1343,1324,5 130,707,866,1154,5 3,1482,312,1644,5 643,1450,995,1575,5
IMG_2478_jpeg_jpg.rf.7ae05b4c8cc3fca7e02fd07e96f82e54.jpg 1012,1182,1347,1469,1 1202,1621,1465,1898,1 202,986,656,1174,1 147,760,435,947,1 888,1871,1149,2048,1 144,592,419,767,1 465,1833,758,2047,1
IMG_2556_jpeg_jpg.rf.7ba05a068477c66839775682bed8f2af.jpg 228,1113,850,1582,6
IMG_2294_jpeg_jpg.rf.7c2b1fd49dfbac934008838cf56970b6.jpg 137,311,344,499,3
IMG_2529_jpeg_jpg.rf.7c9198003cb369e4fb656d5b178e86c1.jpg 133,1117,1224,1609,2 680,268,1303,635,2 96,365,441,499,2
IMG_8541_jpg.rf.797a17eaafae6e7cc8be74f0af3f55db.jpg 856,1406,2628,3005,0 3510,47,4027,1154,0 710,790,1319,1019,0
IMG_2373_jpeg_jpg.rf.7b2655d7a0a8a2637415910727695675.jpg 458,909,930,1291,5
IMG_8418_jpg.rf.793fce0eb4431fe4422b313d0033f7df.jpg 2454,1793,3288,2417,4 1566,768,1875,1125,4 2059,1102,2156,1303,0 2130,1182,2232,1360,0 2179,1045,2319,1212,0 2248,1261,2425,1421,0 1082,490,1179,639,0 2207,1415,2476,1558,0 2224,962,2407,1096,0 2016,794,2107,927,0 2547,1198,2646,1322,0 3126,1090,3284,1208,0 2250,690,2308,765,0 2589,1442,2648,1505,0 2884,1255,2927,1316,0 2780,1287,2872,1324,0 1539,1378,1844,1508,0
IMG_8342_jpg.rf.7be346aed254ca50e3d780821fbf50e5.jpg 1870,1847,3243,2599,0 103,1034,348,1573,0 705,494,963,856,0
IMG_2293_jpeg_jpg.rf.7d8c13c0ab3237f407d937bde9e8f524.jpg 345,661,1012,1394,3
IMG_3168_jpeg_jpg.rf.7ef4edb999857fd843a3f7a385d88c6e.jpg 705,1424,853,1603,2 963,925,1067,1099,2 1038,926,1151,1097,2 479,892,563,1026,2 1267,966,1351,1097,2 14,912,110,1033,2 615,912,675,1005,2 201,908,263,998,2 539,903,569,991,2 1392,921,1453,1008,2 586,910,621,993,2 273,934,335,1006,2 547,804,586,871,2 338,890,426,934,2 0,1466,495,1665,2
IMG_2378_jpeg_jpg.rf.7ec34ddfc213c922b355e9378324ee7f.jpg 497,894,822,1221,5
IMG_2605_jpeg_jpg.rf.7f57ae3d3ffed3583b699b775641e3ba.jpg 130,350,283,515,0 0,665,187,807,4 863,984,1142,1112,6 354,106,492,233,4 2,91,159,217,4 242,11,454,119,0 747,101,820,204,0 248,778,342,878,0 287,942,509,1038,6 528,129,668,220,0 274,13,425,96,0 770,316,891,398,0 577,354,664,434,0 884,338,984,418,0 684,195,790,274,0 545,199,657,274,0 576,48,729,118,0 1166,164,1333,232,0 939,133,1090,200,0 1353,167,1442,233,0 935,262,1078,328,0 703,49,810,114,0 825,177,960,241,0 1197,350,1357,413,0 234,870,294,933,0 1319,244,1420,305,0 1073,253,1181,313,0 1104,317,1264,376,0 788,679,888,735,0 948,187,1098,236,0
IMG_2538_jpeg_jpg.rf.814eb3011306d58f882298b675c016a6.jpg 531,208,938,740,5 739,1412,1016,1782,5
IMG_2430_jpeg_jpg.rf.801bbb3c0d1804b5741bdfb8f082d85d.jpg 185,685,1535,2022,4 1067,1750,1324,1997,0
IMG_2467_jpeg_jpg.rf.8326eafc20c103fd6889f4e5d019c294.jpg 738,155,1172,542,1 985,899,1285,1279,1 1449,554,1535,834,1 252,1205,393,1403,1 530,777,767,966,1 663,1584,914,1765,1 0,1459,95,1576,1 289,767,499,882,1 904,1735,1027,1828,1 1087,1773,1392,1931,1
IMG_8590_MOV-4_jpg.rf.8136b2be6948fc2dedcb11454ae2a8a8.jpg 300,425,589,811,1
IMG_2506_jpeg_jpg.rf.87833b292813c77dfc797a332a6ed2c9.jpg 791,79,1289,337,0 570,753,1163,980,4 0,299,267,463,0 0,467,315,628,0 296,1146,570,1281,4 1349,374,1535,495,0 316,1331,471,1443,0 742,1371,833,1444,4 1042,912,1117,976,0 744,661,848,720,0 5,1547,166,1603,6 350,1005,496,1058,0 958,1052,1017,1103,0 513,893,620,944,0 841,880,967,929,0 1113,1136,1162,1177,0 990,1092,1048,1130,0 1055,1144,1102,1181,0 943,1052,954,1088,0 949,1152,985,1176,0 963,1112,996,1135,0 1041,1136,1081,1155,0 888,1155,921,1173,0
IMG_3135_jpeg_jpg.rf.7ee1bb2ac5d23387764c1200415c1b64.jpg 1374,710,1476,904,3 1122,720,1262,900,3 1248,720,1325,848,3 571,671,625,795,3 440,675,542,793,3 665,678,727,788,3 384,865,572,965,3 111,778,243,848,3 1499,749,1536,900,3
IMG_8378_jpg.rf.7f7097fba6aaf9120428c1faecc626cc.jpg 1912,1628,2464,2620,0 1778,969,2307,1529,0 935,918,1147,1260,0 2058,2452,2256,2689,0 1180,946,1508,1128,0 2446,42,2797,394,0
IMG_2482_jpeg_jpg.rf.895389220ec005d35f32b01c9687392f.jpg 376,1283,828,1733,1 21,1478,404,1833,1 769,639,1150,936,1 0,1527,141,1877,1
IMG_2603_jpeg_jpg.rf.84fd58e811984e4785eeae2262750afb.jpg 533,1345,838,1531,6 465,119,578,277,0 451,403,711,515,4 391,375,483,486,0 1143,592,1233,684,4 0,179,147,268,0 246,269,512,354,4 0,226,40,310,0 73,254,228,337,0 1025,658,1138,741,4 814,666,900,747,4 1167,1026,1344,1104,6 634,944,929,1016,4 156,374,297,446,0 913,357,1065,422,0 715,403,847,463,0 464,406,566,462,0 311,352,445,407,0 808,509,929,564,0 442,851,598,903,4 992,475,1123,527,0 1053,375,1186,426,0 1118,417,1267,468,0 740,469,862,519,0 522,362,627,409,0 873,465,963,510,0 1232,406,1340,451,0 891,447,983,491,0 1123,462,1248,505,0 931,417,1036,459,0 1317,696,1368,730,0 1276,690,1294,714,0 1397,702,1413,724,0
IMG_8545_jpg.rf.8bd8a0ec0e0e30c3c8e23871bddd9fb1.jpg 1734,276,2269,1426,0 1563,998,1851,1536,0 492,2090,813,2622,0 2110,2139,2462,2510,0 1378,173,1671,483,0 1231,0,1644,255,0 2523,1406,2846,1646,0 916,2600,1421,2774,0 233,997,368,1255,0
IMG_2594_jpeg_jpg.rf.7ea6f81714a61df96c686e7808d33573.jpg 1171,1155,1535,1789,6 133,1070,1108,1577,6 1145,250,1536,423,6 4,644,612,1208,4
IMG_3138_jpeg_jpg.rf.8a8684fbfa52236dd3716f5f68eec7c4.jpg 846,569,938,753,3 745,585,832,761,3 1342,370,1458,537,3 611,591,696,749,3 369,1040,785,1193,3 889,353,934,484,3 697,390,763,518,3 165,542,285,657,3 806,361,889,475,3 511,653,607,758,3 1148,60,1224,146,3 106,689,222,796,3
IMG_8402_jpg.rf.8a3e042752cb2228e9480bce20f53bfa.jpg 2886,2507,3098,3006,0 1533,1315,1643,1514,0 1245,1900,1509,2068,0 3237,2625,3474,2787,0 1121,2099,1192,2259,0 891,2168,980,2247,0 789,731,1194,1842,6
IMG_2537_jpeg_jpg.rf.81d29b9f422aaf8f427d688897e9e5b4.jpg 549,851,1536,1815,4 392,618,908,1276,5
IMG_8450_jpg.rf.89887a19ea32ad573ce14b2f03fd10c9.jpg 1294,228,1492,687,0 1199,1833,1363,2213,0 1129,361,1367,738,0 813,1503,949,1877,0 723,1777,1024,2120,0 674,1604,831,1913,0 909,1444,1098,1749,0 158,1760,290,2061,0 2076,1167,2221,1455,0 466,1786,615,2073,0 1196,1338,1507,1610,0 1215,922,1394,1188,0 539,2125,714,2388,0 388,2476,553,2739,0 1401,1066,1555,1329,0 1081,2601,1225,2856,0 373,2168,484,2422,0 474,1964,609,2218,0 1149,1698,1256,1948,0 585,1960,690,2190,0 937,1022,1202,1217,0 1395,781,1589,969,0 677,2776,801,2960,0 973,554,1065,731,0 762,2652,929,2816,0 1553,308,1681,471,0 252,2870,344,3024,0 309,208,397,340,0
IMG_2653_jpeg_jpg.rf.88b6eef467479a453217942b2a1506c2.jpg 712,962,1105,1236,6
IMG_2440_jpeg_jpg.rf.83f667588567105b98198c835f7f6575.jpg 390,0,604,364,0 237,0,375,331,0 709,221,961,533,0 802,941,1029,1244,4 273,518,380,684,0 423,1189,595,1343,4 406,726,569,868,0 63,739,177,877,0 0,869,90,988,0 67,604,242,718,0 482,680,742,791,0 133,853,245,963,0 2,744,121,842,0 173,713,312,796,0 320,599,471,671,0 384,535,509,605,0
IMG_2639_jpeg_jpg.rf.834eef2a092344d6504c69e23cf7150a.jpg 561,337,1352,1243,6 1018,1533,1366,1850,6 921,1947,1165,2047,0
IMG_8517_MOV-4_jpg.rf.81564b46f543c503e03bb6c86ec65247.jpg 1698,740,1920,1072,0 1798,188,1920,423,0 1429,176,1794,426,0 505,104,736,313,0 658,82,1082,355,0 629,451,865,627,0 802,388,1034,585,0
IMG_2566_jpeg_jpg.rf.852293ec4246a590e548ac7492378fc8.jpg 379,1139,984,1504,6 470,105,751,228,6
IMG_2634_jpeg_jpg.rf.7f7ecf790b4e7e9d3a2e5a92dc0c3c39.jpg 713,883,1193,1263,6 1071,1573,1535,1850,4 798,1618,1119,1846,6 686,1601,793,1742,0 563,1469,689,1580,0 373,1326,443,1424,0
IMG_2472_jpeg_jpg.rf.8c8559810f3dbc8c4e67ac1fdc524584.jpg 694,147,839,518,1 1086,1349,1455,1703,1 244,330,555,620,1 810,866,1026,1099,1 875,1367,1102,1538,1 182,1313,572,1521,1
IMG_2330_jpeg_jpg.rf.8d64aa2342492093489d0373a6e3ac69.jpg 302,872,757,1254,2
IMG_3174_jpeg_jpg.rf.8d16f5bc17d38d2443f74858e5393717.jpg 491,592,1435,928,2 1670,326,1789,505,2 0,405,170,563,2 250,386,410,540,2 1819,351,1906,485,2 425,394,516,502,2 526,362,588,454,2 1911,405,1994,482,2
IMG_2619_jpeg_jpg.rf.8e924a1a0e490dc09fa752cbbd2e2d46.jpg 432,781,1115,1018,6 593,1348,776,1445,0
IMG_2504_jpeg_jpg.rf.8c2f4fd4a7cc19337659a3d284b9d89d.jpg 502,0,837,381,0 0,0,145,315,0 653,391,792,619,0 373,414,552,641,0 730,471,821,685,0 1024,546,1187,726,0 473,974,651,1136,0 353,602,486,755,0 1307,0,1495,153,0 444,1156,640,1307,4 1175,1295,1441,1435,4 439,678,567,799,0 1331,971,1493,1046,4 1318,1677,1472,1739,6 1206,1119,1373,1178,0 1471,1585,1536,1668,0
IMG_8496_MOV-4_jpg.rf.912476c1cc860cc89da978f715fb4ad8.jpg 438,943,677,1332,4 359,1104,1080,1398,0 0,1103,313,1231,0
IMG_2580_jpeg_jpg.rf.8ed0b9ac9d08803d1cd435dccc5aea75.jpg 601,0,1536,900,4 193,1407,702,1766,6 974,834,1256,953,6 401,0,788,69,4
IMG_2500_jpeg_jpg.rf.9287f162a6d7057eb2e104f2ddbd27d3.jpg 526,925,1032,1246,4 996,1658,1264,1778,0 1321,980,1434,1081,0 1241,1065,1439,1159,0 1056,976,1166,1060,0 892,973,1005,1055,0 1192,1101,1341,1172,0
IMG_2654_jpeg_jpg.rf.910801391d68687a7a2340f0c050668b.jpg 451,729,750,999,6 924,1842,1018,1968,0 624,1955,812,2048,0 423,113,734,416,6
IMG_2365_jpeg_jpg.rf.8e70e3e7325143ea21460ff357eafe93.jpg 685,776,1227,1291,0 488,0,1515,652,4
IMG_2515_jpeg_jpg.rf.8f0f57557260b5ea1271839b88289d99.jpg 593,1036,1188,1359,4
IMG_8398_jpg.rf.8dd9e103d23042b74c81ef534be96fb2.jpg 2174,0,2667,1562,4 2208,0,2604,787,4 1415,571,1982,1308,4 1472,1562,2401,2293,4 757,2601,859,2909,0 3033,2171,3116,2365,0 3134,2847,3333,3024,0 883,1953,1070,2066,0
IMG_3142_jpeg_jpg.rf.8eab9efa97bc4fc63638f43a8e601e7a.jpg 160,99,554,311,3 556,1036,787,1189,3 124,478,422,732,3
IMG_2554_jpeg_jpg.rf.90e627558f586e1462a4701139ec60dc.jpg 504,680,1079,1418,6
IMG_8517_MOV-0_jpg.rf.944d5560d0b1b78573d043fcf38a93c7.jpg 135,294,531,595,0 1107,329,1439,526,0 297,105,475,301,0 1243,0,1721,142,0 1578,2,1745,87,0 1249,481,1412,608,0
IMG_2553_jpeg_jpg.rf.92de376f6ce0335e89f33f2419f8b01d.jpg 667,511,1195,1452,6
IMG_8328_jpg.rf.92976badab75acb1fe3f16e1b0745881.jpg 253,240,3286,2442,0
IMG_8547_jpg.rf.9607780b383c3212767919be07a89d64.jpg 115,858,751,2264,0 401,2091,666,2360,0 1898,463,2112,716,0 3500,2793,3939,3024,0 2082,2528,2417,2758,0 3515,0,3855,268,0
IMG_2370_jpeg_jpg.rf.967053348e04bd71d036d25032e61be1.jpg 113,869,1164,1237,0 1391,904,1535,1072,0
IMG_2508_jpeg_jpg.rf.93f378629b3db3c208d214cbcf599e6d.jpg 427,1008,1093,1435,4
IMG_8416_jpg.rf.903ff7c6c18043188f24191e6edde987.jpg 3346,596,3456,824,0 1125,2312,1444,2536,0 1165,685,1398,905,0 166,1628,269,1805,0 1311,1034,1517,1186,0 2058,845,2152,985,0 2873,948,2921,1087,0 1119,496,1185,629,0 3036,583,3110,715,0 2711,360,2786,478,0 2530,0,2634,105,0 3073,802,3189,895,0 1766,493,1955,566,0 3068,1457,3235,1528,0 1869,746,2045,812,0 2847,1211,3002,1276,0 358,546,468,610,0 305,448,372,481,0 935,1178,2188,2564,6
IMG_8477_jpg.rf.92fa2dad1eaaf1773a529899fc4b8980.jpg 768,650,1059,1105,4 1815,239,2253,514,4 1175,1584,1531,1825,4 1751,2293,1870,2464,0 1020,2635,1123,2794,0 1861,1405,1940,1549,0 2701,1979,2760,2108,0 1109,1902,1188,2012,0 988,1821,1061,1910,0 2785,2259,2844,2338,0 2428,2048,2525,2126,0 1517,2452,1646,2530,0 1488,993,1527,1069,0 1469,1257,1508,1333,0 1227,1896,1285,1969,0 1380,1075,1426,1129,0 1481,771,1525,820,0 1187,2610,1300,2655,0 785,587,809,619,0 2511,2029,2588,2059,0 2190,1693,2434,2214,4
IMG_3182_jpeg_jpg.rf.94d1a38fa1e4c38de45a7ab56ce0db06.jpg 146,729,392,1108,5 968,1212,1219,1585,5
IMG_3157_jpeg_jpg.rf.90de5fecd2b20c841f879e869c748f61.jpg 1193,1432,1535,1907,3 610,0,1535,391,3 844,578,1290,795,3
IMG_2597_jpeg_jpg.rf.8dd5a34ac3f7709a46d51836ccb8dcdb.jpg 537,0,1166,220,4 842,928,1203,1092,6 431,903,682,1015,6 708,239,892,326,0 300,0,439,79,0 1153,134,1289,196,0 1180,0,1433,26,0 861,21,911,83,0
IMG_8512_MOV-6_jpg.rf.96b26953805ccf172c9b7d456fc397bd.jpg 279,639,1144,1023,0 1195,229,1664,592,0
IMG_3151_jpeg_jpg.rf.97533d2e8e0fca985bbd28fb579a83e2.jpg 546,935,987,1160,3 833,339,1014,532,3
IMG_2560_jpeg_jpg.rf.9754f6fa5193e7cb29eab771ee605366.jpg 632,1097,1211,1526,4 488,605,1354,1004,4 0,1687,373,1970,4 83,1122,269,1267,0 1113,256,1378,384,0 773,411,1015,525,0 0,389,183,501,0 144,525,400,631,0 614,318,818,419,0 1127,387,1380,485,0 791,161,980,255,0 290,1374,475,1467,6 898,288,1100,377,0 787,0,969,83,0 853,265,1003,343,0 1285,1352,1535,1532,4
IMG_3137_jpeg_jpg.rf.96d59dcda31d7b6a78d205fb6782dbfd.jpg 495,960,988,1422,3 145,169,282,362,3 273,337,465,537,3
IMG_2592_jpeg_jpg.rf.9b760d923489e59e36d0b3f850913f6d.jpg 470,882,1182,1227,6
IMG_2520_jpeg_jpg.rf.9a314d1549f1b68acc7a2d03a8a7d04e.jpg 274,627,712,981,3
IMG_2527_jpeg_jpg.rf.9900245b9064275b6f24d72d70b70927.jpg 522,845,1355,1322,2 337,1000,574,1164,2
IMG_2610_jpeg_jpg.rf.a35f9c50a1cde66727e2f83d960325cc.jpg 582,684,1038,1281,5
IMG_2374_jpeg_jpg.rf.a2aaca341fb294b6f35b67fe4666d1b1.jpg 495,1001,1003,1448,5
IMG_8595_MOV-2_jpg.rf.a04d4bc2285de0d1315c3f4dd1246306.jpg 196,981,465,1263,1 589,1082,850,1313,1 694,744,917,994,1 566,990,770,1152,1 214,1365,375,1577,1 31,1629,272,1876,1 539,1456,757,1681,1 630,1393,905,1638,1 771,1298,993,1488,1 776,1606,1069,1741,1 656,1699,873,1913,1 883,501,1080,737,1 539,210,886,430,1 87,6,405,271,1 299,210,509,458,1 13,439,254,700,1 5,201,199,374,1 509,6,773,165,1 522,488,669,900,1 357,682,502,882,1 907,12,1080,376,1 0,1170,181,1344,1 96,1105,341,1335,1 378,1141,624,1344,1 886,1033,1053,1233,1 556,386,804,502,1 630,599,715,676,1 630,472,830,635,1 1048,1084,1080,1214,1 857,1766,1022,1846,1 329,1391,462,1482,1 0,1113,149,1228,1
IMG_2552_jpeg_jpg.rf.9b5c5d9b1570612df17db47351454f53.jpg 889,563,1283,1301,6
IMG_3130_jpeg_jpg.rf.a1c33d25a42daa4b9b0f641861f15981.jpg 338,548,660,889,3 1129,573,1267,776,3 1199,557,1308,720,3 830,502,921,627,3 964,645,1105,758,3
IMG_8571_MOV-0_jpg.rf.a157ada885a777435c0b19fd9f00e364.jpg 75,565,1080,960,4
IMG_8593_MOV-2_jpg.rf.9d6fe5470f73535bf33858dc39f4b2f0.jpg 671,343,906,581,1 601,604,814,781,1 794,1090,928,1239,1 997,1374,1080,1508,1 418,1285,555,1411,1 771,1803,967,1920,1 105,1437,171,1546,1 313,845,444,952,1 485,670,587,764,1 547,1334,633,1420,1 139,0,353,79,1 88,915,167,993,1 914,1569,995,1644,1 13,736,60,803,1 1044,1209,1080,1268,1 711,862,808,921,1 834,677,889,734,1 847,1455,907,1509,1 257,1164,335,1210,1 289,1752,399,1867,1
IMG_2445_jpeg_jpg.rf.a289020df935f8178c2e64ac3b330da8.jpg 213,1692,420,1930,0 686,819,960,1014,4 89,540,374,717,0 543,985,890,1155,4 19,683,393,852,0 907,1018,1218,1172,4 540,572,796,705,0 195,756,448,872,0 40,655,269,759,0 628,584,852,740,0
IMG_2286_jpeg_jpg.rf.9b777f2ef1d9846b75d72d30c911c052.jpg 351,796,1293,1175,3 1121,175,1372,521,3 961,217,1092,541,3 1236,206,1423,504,3
IMG_2641_jpeg_jpg.rf.a22b84f38773dbccc7e1ad88980f45f1.jpg 349,758,1181,1255,6
IMG_8357_jpg.rf.a19802097157306911f04becc44e15f1.jpg 3371,227,3584,529,0 2256,473,2412,754,0 2911,441,3095,710,0 2423,697,2917,926,0 2648,0,2799,180,0 2625,180,3049,351,0 2896,0,3133,137,0
IMG_2498_jpeg_jpg.rf.a24a02191b4529ad16556e5fcad36ac7.jpg 0,488,1448,1370,4 641,270,1428,502,4 94,178,328,358,0
IMG_3160_jpeg_jpg.rf.a1baba35e00239019c39550e6e87588d.jpg 557,1095,930,1486,3
IMG_8466_jpg.rf.97f36e6617cade673e719e6768feb955.jpg 3548,1763,4027,2210,0 3693,1246,4032,1746,0 3150,798,3364,1188,0 2511,1292,2983,1619,0 2648,1472,3348,1849,0 1694,1190,2192,1584,0 1973,474,2446,881,0 2218,505,2465,674,0 1063,372,1520,552,0 1053,1331,1510,1765,0 225,1029,521,1302,0 343,685,603,976,0 233,514,465,733,0 2753,390,3123,537,0 149,38,405,157,0
IMG_2481_jpeg_jpg.rf.a3fe8fa3d006c099aea50e203698983f.jpg 52,201,293,452,1 109,1325,326,1563,1 1127,875,1341,1086,1 12,767,232,956,1 532,1350,783,1528,1 344,1669,478,1847,1 75,930,287,1097,1 552,1006,735,1171,1 1301,501,1530,664,1 605,1702,811,1849,1 839,1833,1006,1971,1 111,1808,333,1944,1 689,1022,904,1148,1 386,1085,588,1190,1 876,1060,1055,1153,1
IMG_2640_jpeg_jpg.rf.98ce11a18c7cf56959c2b763fb9c216f.jpg 411,574,1532,1233,6 425,1502,506,1616,0
IMG_3170_jpeg_jpg.rf.96c72859d3dbdb01ff0fe277831def02.jpg 378,692,1258,1871,2 754,84,860,282,2 970,170,1068,349,2 878,124,955,260,2 276,193,358,304,2 0,95,92,300,2
IMG_2350_jpeg_jpg.rf.994a919d8289a782b796b76692c3084e.jpg 774,623,1217,935,2
IMG_8594_jpg.rf.9a6866ab84fa98ebe85aff50f46b137f.jpg 966,1752,1478,2409,1 1154,71,1440,674,1 670,2079,1210,2643,1 2468,2012,2789,2563,1 622,1107,1130,1646,1 2682,2325,3043,2857,1 3044,1269,3444,1797,1 348,1337,781,1833,1 1249,1932,1642,2420,1 3857,1766,4032,2254,1 995,261,1245,730,1 1999,202,2186,670,1 2173,1027,2685,1489,1 2174,2277,2460,2734,1 2186,440,2380,896,1 2313,1309,2722,1765,1 1495,591,1952,1039,1 1575,385,1833,821,1 2662,1297,3047,1722,1 3003,982,3289,1406,1 3281,884,3543,1305,1 3333,1821,3638,2242,1 348,2031,765,2448,1 1791,1764,2214,2180,1 1151,2488,1491,2904,1 39,3,630,412,1 1438,1650,1778,2048,1 1130,1087,1729,1464,1 2803,177,3176,549,1 2948,623,3341,992,1 2710,1912,2905,2273,1 1868,1289,2182,1638,1 2400,678,2614,1027,1 2241,3,2491,333,1 1901,3,2118,325,1 2634,1099,2916,1420,1 1146,2706,1610,3024,1 896,1460,1194,1777,1 3519,1032,3702,1349,1 3269,2250,3630,2559,1 2948,924,3114,1218,1 1595,1357,1829,1631,1 3491,841,3726,1115,1 1214,1388,1543,1650,1 2936,4,3285,266,1 765,437,1067,694,1 864,972,1106,1218,1 1237,904,1559,1146,1 2583,1762,2801,1988,1 2356,2119,2733,2337,1 2166,2726,2360,2944,1 1893,1071,2257,1285,1 1261,2400,1674,2607,1 2626,952,2793,1146,1 3622,1909,3872,2091,1 801,1575,920,1738,1
IMG_2507_jpeg_jpg.rf.a65012a4f9c03e5ba3e830ed1d17a89a.jpg 765,868,1125,1366,4
IMG_8512_MOV-0_jpg.rf.a44563814ec2b09d1096f5acbd5a7fbc.jpg 1235,388,1335,437,0 1297,279,1403,333,0 1371,326,1452,376,0 1531,356,1629,397,0 1597,359,1679,408,0
IMG_2376_jpeg_jpg.rf.a67d3b9ed7952f00b1b348b79634512a.jpg 610,992,893,1376,5
IMG_2402_jpeg_jpg.rf.a7b489eaaaf6723fa051e885f31fe657.jpg 142,1071,768,1645,0 613,764,1008,1139,0 1030,380,1124,480,0 465,533,592,627,0 619,238,717,327,0 211,132,348,209,0
IMG_2647_jpeg_jpg.rf.a9da769757992935b8d34614c66e43ff.jpg 707,969,939,1122,6
IMG_2590_jpeg_jpg.rf.a5f4539cb9ceb3c42e9c9d8378a47e4e.jpg 0,261,449,695,0 168,709,879,1068,6 546,1206,1329,1870,6
IMG_8534_jpg.rf.a7e44dd44f6c9ad100b8b754e37f4a35.jpg 1828,1296,2326,1573,3 2274,1292,2525,1541,3 2049,1394,2661,1940,3 248,1127,519,1543,3 1025,1226,1357,1513,3 1084,798,1405,1017,3 432,1116,649,1436,3
IMG_2306_jpeg_jpg.rf.a39e949b49f6d02a14e86044af244c77.jpg 716,870,879,1118,2 589,750,643,870,2 894,755,948,868,2 1130,750,1182,856,2 970,704,1032,791,2 1451,738,1495,822,2 1039,782,1123,864,2 1199,754,1249,832,2 1238,748,1272,819,2 841,762,875,819,2 1371,780,1407,824,2 758,759,808,833,2
IMG_8486_jpg.rf.a969de02f21de4fd91f6575cec7a5871.jpg 1320,1562,2146,2037,0 2487,1381,2923,1673,0 2404,999,2902,1161,0
IMG_2536_jpeg_jpg.rf.aaed4fcd103c83645857ce46207bdaea.jpg 413,963,1139,1449,5
IMG_8578_MOV-2_jpg.rf.ad45d61f98cff0e8667c5c383b62cf6c.jpg 329,368,1338,785,0 3,143,716,455,0
IMG_2503_jpeg_jpg.rf.a89afd1cdb7c58d8931b2dac75b289fa.jpg 431,701,1128,1765,0
IMG_2394_jpeg_jpg.rf.ab6221256fdb922831385f7fb4c4c954.jpg 1025,796,1342,1275,0 279,872,549,1339,0 570,552,773,767,0 1327,292,1535,460,0 0,447,42,606,0 320,487,457,581,0 851,637,940,715,0 71,410,176,463,0 1105,239,1135,285,0
IMG_8493_jpg.rf.ab82d7a36f579b96ec9fb138d02d244a.jpg 1606,5,1970,1907,0 874,2375,1492,2971,4 2120,0,2524,1420,0
IMG_2315_jpeg_jpg.rf.aba4190ab72582ef7f3b6fdcce41db24.jpg 705,682,895,889,2 786,1047,1008,1252,2 1353,584,1400,703,2 1246,600,1355,714,2 1381,615,1536,716,2 998,602,1104,697,2 386,896,628,981,2 1144,615,1212,698,2 1204,621,1250,696,2
IMG_2513_jpeg_jpg.rf.b140cc3f5d4146b1ad3f1bd971fd3b58.jpg 443,138,1331,413,4
IMG_2406_jpeg_jpg.rf.b136d80814023e28864def9cce601be1.jpg 557,918,1153,1354,0
IMG_2462_jpeg_jpg.rf.b1d6d1d6cb173c6369c96d2d2ab8e238.jpg 1235,764,1536,940,4 0,612,263,780,0 1099,1146,1498,1302,4 215,1734,336,1885,0 102,1175,389,1322,4 305,746,567,852,0 401,706,678,810,0 668,958,835,1052,0 383,1081,656,1174,0 0,901,192,994,0 533,825,764,914,0 504,945,711,1033,0 278,850,475,925,0 184,892,353,966,0 683,872,806,944,0 0,814,48,878,0 835,1303,1274,1526,4
IMG_8476_jpg.rf.aec7173d99bd25baf9bb7a5616c7b57a.jpg 2127,1095,2313,1735,4 1015,466,1299,849,4 2234,183,2703,457,4 1435,1326,1763,1580,4 1028,1514,1280,1721,4 1557,2689,1626,2879,0 1802,2558,1907,2732,0 1388,2558,1489,2727,0 1299,2064,1347,2228,0 1913,1628,1982,1789,0 1079,2243,1156,2400,0 2516,2536,2607,2666,0 1415,2867,1481,2952,0 2282,1859,2327,1944,0 2356,1873,2412,1947,0 2335,1750,2388,1824,0 1251,2208,1293,2274,0 1506,812,1540,876,0 1381,1109,1430,1171,0 1439,1298,1478,1338,0 1483,1331,1526,1367,0 1164,1092,1208,1125,0 1386,2225,1465,2396,0
IMG_8517_MOV-3_jpg.rf.b161717b02ec4395718f6f75b258172b.jpg 1336,188,1798,452,0 1462,538,1709,731,0 0,294,177,429,0 905,447,1391,743,0
IMG_2502_jpeg_jpg.rf.b7ad320accecb7f2c9dc21bc4e1f6129.jpg 219,705,1084,1190,4 1203,399,1536,670,0 1393,55,1536,318,0 1489,870,1536,966,0 1315,1101,1455,1182,0 1173,1101,1301,1176,0 1305,1790,1536,1969,0
IMG_2375_jpeg_jpg.rf.b57c829184766cb23f9e560a9b0b598c.jpg 111,725,1521,1442,0
IMG_2386_jpeg_jpg.rf.b81b72e1d80be48dc9d0d164d9be9a2b.jpg 472,991,769,1662,5 528,471,721,929,5 1211,143,1536,552,0
IMG_3133_jpeg_jpg.rf.ba3a22b6dadd6095615c6bf83b3a1aca.jpg
IMG_2539_jpeg_jpg.rf.b69b7eebe3eb33c8d27cfe6b7b85ce1b.jpg 488,256,946,802,5 733,1486,1033,1894,5
IMG_8405_jpg.rf.b3cab830dd3adafe34b806288c3350f9.jpg 516,1939,672,2615,4 2000,1584,2363,2053,0 2765,1775,2968,2051,0 921,152,1021,409,0 834,202,929,457,0 1547,215,1661,454,0 745,56,856,283,0 1749,148,1814,351,0 1522,2853,1605,3024,0 3467,1318,3604,1470,0 3259,1919,3344,2070,0 2806,2116,2925,2232,0 207,645,261,756,0 2402,2255,2598,2355,0 2076,733,2128,818,0 1204,2189,1316,2270,0 112,660,157,735,0 581,830,648,888,0 1427,1418,1539,1474,0 359,783,436,839,0 2765,2261,2933,2307,0 2546,1252,2667,1366,0
IMG_8517_MOV-6_jpg.rf.b7565ae45be77bdb90083c328d1a7913.jpg 115,123,472,309,0 1065,523,1537,792,0 286,174,512,325,0 933,360,964,390,0 1006,338,1046,374,0
IMG_3122_jpeg_jpg.rf.b4f82efb0d14252aa5c55df4f7992839.jpg 3,138,1227,1455,5 898,1064,1492,1634,5
IMG_8512_MOV-3_jpg.rf.b8f98829b97605cc27376490282c7747.jpg 1591,903,1920,1071,0 964,207,1100,288,0 929,355,1041,443,0 1030,158,1158,233,0 1116,65,1229,117,0 1102,18,1215,68,0 897,365,999,445,0 884,275,941,323,0
IMG_2390_jpeg_jpg.rf.afe3744c0f3db820ac6a867c12d70d81.jpg 271,934,1296,1620,5
IMG_3158_jpeg_jpg.rf.ba6d7ebaf5edc4337700a49a91898b3e.jpg 13,924,386,1355,3 358,721,710,844,3 807,310,1292,684,3
IMG_2528_jpeg_jpg.rf.bb42f8c620bda6a7ce6933134b23fe8c.jpg 689,814,1372,1205,2 322,1018,695,1146,2
IMG_2584_jpeg_jpg.rf.b5c9cc559efd48bc4d32a39a495d1d5e.jpg 0,1536,143,1748,6 793,965,1158,1169,6 481,959,784,1148,6 614,245,944,369,4 922,825,1139,941,6 370,434,614,537,4 1316,520,1444,620,4 871,47,1042,137,0 919,19,1080,104,0 1016,19,1186,98,0 1203,55,1335,133,0 555,19,632,95,0 1079,129,1181,191,0 1147,0,1263,53,0 987,372,1140,460,4
IMG_2596_jpeg_jpg.rf.bac05031aaaea264a1418e736465ce4d.jpg 1019,726,1295,923,4 1408,449,1535,559,0 1485,579,1536,670,0 491,458,982,1535,6
IMG_8551_MOV-2_jpg.rf.bc05fcc3d5c6482d8ae3136d2c63d57c.jpg 400,0,532,260,0 703,570,941,757,0 855,1373,927,1558,0 403,367,542,502,0 87,989,316,1117,0 190,322,288,394,0 135,212,190,279,0 2,1063,252,1205,0
IMG_2368_jpeg_jpg.rf.bcfca06eb8ea845a64d8ee932d51109c.jpg 369,911,1078,1565,0 637,1505,1044,1882,5
IMG_2542_jpeg_jpg.rf.bf3244d325bf0993d9c5387d1c3e3641.jpg 1093,1486,1384,1835,5 1112,1231,1351,1460,5 176,1310,568,1520,5 402,1111,684,1314,5 273,695,402,813,5 531,870,664,982,5 408,797,565,902,5 294,438,413,608,5
IMG_8549_jpg.rf.be75a1def027465d23fcf70df3220ef7.jpg 790,1411,2008,2150,0
IMG_2382_jpeg_jpg.rf.c0aedfe8fe8ed7cfeeeb392f706aad50.jpg 183,762,1457,1419,0
IMG_2652_jpeg_jpg.rf.bf07a37dbaa2cf0bfd028306d94da0ca.jpg 1,843,1372,1486,4 1087,1409,1163,1705,0 973,1765,1252,1976,0
IMG_8383_jpg.rf.c079b61f219da5ec91a7defa1dd168d0.jpg 1999,1492,2342,2499,0 1319,1026,1787,1946,0 841,1542,1071,2060,0 595,1930,944,2356,0 718,2389,965,2880,0
IMG_8478_jpg.rf.c1afd300f09085a1fbe02d0ee83cb19a.jpg 1509,1808,1937,2072,4 1764,2095,1883,2250,0 1643,2437,1750,2562,0 1300,2860,1436,2947,0 1199,2601,1327,2678,0 1322,2537,1445,2605,0
IMG_8551_MOV-4_jpg.rf.c216ee099a1e24bb8a10f7756551365d.jpg 519,915,667,1023,0 975,979,1080,1106,0 348,576,491,689,0 710,424,873,552,0 443,361,570,470,0 248,387,352,476,0 324,407,395,509,0 224,429,297,518,0 787,203,888,265,0 232,235,295,310,0 780,111,877,173,0 719,43,792,125,0 338,732,417,870,0 382,342,454,428,0 525,201,584,288,0 1008,167,1080,354,0
IMG_2359_jpeg_jpg.rf.a3d1b4337237ef5e453b33f4aaaf0b50.jpg 0,940,393,1380,0 499,1032,941,1442,5 518,1763,1509,2047,0
IMG_2292_jpeg_jpg.rf.c23ca5963dbd7b57ce1145006018a6bd.jpg 294,480,1303,1296,3
IMG_2598_jpeg_jpg.rf.c4ec6b62b75762adf7aec0353d11f444.jpg 65,570,1053,1850,4 1169,238,1270,399,0 1300,247,1411,407,0 1074,306,1204,449,0 1324,446,1479,555,0 1181,10,1536,199,0
IMG_2572_jpeg_jpg.rf.c3cef3c4c6b9819c426eb78bb35d658f.jpg 612,1029,1003,1260,6 193,685,523,797,0 649,642,783,775,0
IMG_8550_jpg.rf.c219d0f4b4906aaeb78520615dd11a22.jpg 1150,0,2071,2447,0
IMG_2304_jpeg_jpg.rf.c285b50d97fd53fe6d0c67389ca80ab4.jpg 748,827,1314,1287,2 599,88,725,273,2 1212,198,1314,335,2 552,184,603,253,2 1369,273,1431,355,2
IMG_2437_jpeg_jpg.rf.c3d22bfdddb74501ee49e0843dad0717.jpg 0,207,658,700,0 801,1111,1431,1593,4 389,690,1003,1044,0 233,0,423,284,0 1391,674,1536,915,0 0,1011,60,1247,0 197,680,360,892,0 300,1452,644,1637,4 0,746,127,903,0 0,474,185,610,0 0,996,174,1122,0
IMG_2509_jpeg_jpg.rf.bf57f33708352e4945863ef5453bdb58.jpg 0,874,1413,2047,4
IMG_2493_jpeg_jpg.rf.c63e1aedf13a67622c0318ee73e333c9.jpg 986,94,1232,527,0 1062,490,1310,747,0 1147,281,1428,538,0 1193,89,1535,322,0 1223,788,1535,1010,4 584,1203,977,1407,4 1087,1662,1422,1862,0 818,550,909,730,0 1413,272,1536,447,0 765,1014,1040,1185,4 747,636,870,803,0 955,572,1221,739,0 528,1364,720,1519,4 569,1492,676,1646,0 552,950,800,1081,4 1079,816,1178,936,0 1150,791,1296,899,0 1146,829,1269,920,0 918,728,1020,817,0 792,782,941,868,0 961,821,1101,906,0 1033,784,1112,848,0
IMG_2593_jpeg_jpg.rf.c63fec10e763be9bc4d1299be290d5cc.jpg 3,37,264,189,4 349,1,503,110,0 224,201,417,304,0 205,0,338,74,0 622,982,1106,1216,6
IMG_2579_jpeg_jpg.rf.c605c408db026686556e78cc349c9731.jpg 610,152,1059,386,4 14,112,256,284,4 935,852,1271,1017,6 894,0,1343,150,0 420,1164,669,1287,6 1029,650,1252,753,0 207,0,373,94,0 421,15,545,108,0 579,839,888,929,0 114,605,345,691,0 676,53,794,134,0 542,127,676,207,0 1130,181,1301,258,0 1437,429,1517,503,0 1165,314,1278,385,4 1297,187,1437,256,0 1431,182,1535,249,0 845,379,900,445,0 1347,247,1504,311,0 822,79,898,143,0 413,699,634,757,4 1232,260,1357,317,0 1070,272,1173,328,0 39,0,173,55,0 184,824,362,876,6 807,711,927,753,6 1332,445,1408,485,0 1501,463,1536,502,0
IMG_2486_jpeg_jpg.rf.c406b5a9c3ac154ba0c3eb6c2e95b9d3.jpg 382,524,625,839,1 322,1404,655,1717,1 467,1029,751,1279,1 959,1013,1356,1237,1 190,805,481,1011,1 626,1540,918,1723,1 1201,1195,1437,1329,1 212,1438,354,1555,1 1019,1702,1282,1819,1 763,1775,948,1887,1 1227,1606,1414,1714,1 1006,1853,1249,1949,1 806,1496,1112,1585,1 1333,1103,1536,1345,1
IMG_2497_jpeg_jpg.rf.c8798a7fb25cb666631df6f85c0971c2.jpg 228,696,1143,1301,4 191,1727,817,2018,0 1429,56,1535,205,0 1060,841,1223,939,0
IMG_8520_jpg.rf.c90deed994a043c3b570ef654d67d098.jpg 1390,1204,1799,1657,0
IMG_8421_jpg.rf.beaddb40be45cd56dfcad99a55e8d16e.jpg 3322,2168,3393,2336,0 2125,1203,2187,1346,0 2266,2324,2389,2453,0 3341,2589,3392,2717,0 2660,821,2755,949,0 2510,2367,2585,2493,0 2400,835,2501,961,0 2430,2519,2496,2637,0 2405,1179,2484,1293,0 2247,838,2382,948,0 972,956,1184,1065,0 2979,2592,3106,2692,0 2066,1092,2150,1191,0 2992,2419,3192,2518,0 1406,929,1469,1023,0 2255,1038,2323,1132,0 3474,1759,3607,1853,0 1820,646,1922,739,0 3415,2200,3583,2284,0 3371,2706,3439,2784,0 2051,379,2318,456,4 3052,2381,3139,2450,0 3243,1507,3335,1572,0 92,1075,167,1139,0 243,1139,306,1200,0 1927,1256,2050,1317,0 2246,1316,2279,1377,0 63,1354,211,1413,0 3051,1525,3122,1584,0 3233,2697,3337,2753,0 1803,1387,1918,1443,0 2056,1209,2141,1265,0 2661,1484,2736,1540,0 3379,1543,3477,1599,0 2160,1509,2244,1564,0 61,1420,202,1474,0 2687,1196,2739,1249,0 1381,658,1544,710,0 1845,1314,1908,1363,0 1232,570,1291,617,0 1590,575,1641,621,0 2793,1549,2853,1591,0 1216,1005,1287,1046,0 1685,821,1751,856,0 1357,720,1397,751,0
IMG_8393_jpg.rf.c65406a22e9821a35a5f4783ff59f82e.jpg 1996,2413,2380,2820,0 2226,1730,2496,2041,0 1371,2465,1469,2620,0 2185,2700,2327,2854,0 907,1831,1051,1897,0 1660,357,1993,1277,4
IMG_2298_jpeg_jpg.rf.ca575e93ad215a0f68700edc3e58689f.jpg 244,699,414,886,3 871,609,1003,791,3 369,675,532,848,3 1033,360,1161,528,3 545,721,689,867,3 465,727,585,867,3 719,804,849,911,3 578,703,670,789,3 1205,459,1326,530,3
IMG_8434_jpg.rf.ae7a3f5f7e1cc811435679808c741975.jpg 706,1052,994,2598,4 1853,988,2757,2408,6 1596,1916,1875,3024,4
IMG_2309_jpeg_jpg.rf.ca336d634a3ade7c359560341733e9bb.jpg 556,921,1004,1055,2
IMG_8443_jpg.rf.c882c2da1c01b2ea83e8c777d29e66c3.jpg 1436,1094,1662,1532,6 1417,1694,1581,2088,4 2693,2244,2755,2558,0 2449,2457,2520,2766,0 1947,1936,2051,2212,0 2006,1222,2097,1417,0 1726,2054,1773,2187,0 1828,1764,1876,1882,0 2089,2281,2211,2369,0 2226,2223,2296,2298,0 1395,2583,1422,2652,0 1313,2663,1353,2729,0 2336,2832,2402,2893,0 1037,2210,1061,2268,0 1946,1731,2005,1785,0 1279,2588,1310,2640,0 1896,1274,1979,1324,0 1088,2103,1106,2145,0 1425,2476,1466,2508,0 1510,2558,1546,2589,0
IMG_8382_jpg.rf.c0b37fcdff46941feca6ff3bca1d7a00.jpg 1206,628,1970,1940,0 1309,1814,1837,2687,0 900,1962,1143,2532,0 675,2385,1027,2872,0 1855,2667,2184,3024,0 1835,0,2521,644,0
IMG_2377_jpeg_jpg.rf.c4ad9f3339efc5aa2492402c7b2b7c69.jpg 148,907,854,1807,0 532,699,1373,1139,0
IMG_8496_MOV-0_jpg.rf.cf5ce5195944338b3dd109f9f13e821f.jpg 921,388,1080,647,0 350,473,796,690,0 400,991,1039,1352,0 127,746,1080,1053,0 111,749,609,880,0 119,633,728,755,0 290,55,999,250,0
IMG_2476_jpeg_jpg.rf.ce07efb50989485f8cb0c1c415aff195.jpg 670,268,1066,657,1 441,309,706,641,1 29,1695,522,2017,1 9,1163,297,1449,1 338,1128,709,1386,1 32,0,497,239,1 426,1535,743,1773,1 1010,1270,1369,1507,1 1451,1427,1536,1640,1 1351,1775,1535,1944,1 1435,1288,1536,1422,1
IMG_3167_jpeg_jpg.rf.cbbbeba3a68f37e03fd7729d9ffe630a.jpg 697,794,1216,1070,2 0,353,106,611,2 105,178,255,366,2 1204,262,1318,439,2 746,202,828,344,2 3,210,77,351,2 289,220,365,337,2 664,235,733,352,2 1292,259,1385,374,2 505,153,544,248,2 543,180,595,271,2 684,104,744,184,2 416,272,517,343,2 947,267,993,311,2
IMG_8376_jpg.rf.cdcb48fa5d46be18e4cca0b4e47e67cd.jpg 1379,1348,1845,2224,0 437,1470,680,1906,0 466,1504,846,2266,0
IMG_3152_jpeg_jpg.rf.cfc4e9b47a3fe0dfd42316d6d246b513.jpg 323,261,676,444,3 0,71,117,192,3 541,1216,869,1501,3
IMG_8519_jpg.rf.cd8961f65f00d7868e64c8d145d4e8c3.jpg 2029,1529,2150,1746,0 1439,921,1544,1019,0
IMG_2581_jpeg_jpg.rf.ce23d1cef31349a3e1bf1f1fc74b86a7.jpg 263,707,1331,1236,4 641,159,980,533,0 113,0,574,284,0 189,492,465,711,0 548,295,804,508,0 0,914,102,973,0
IMG_2408_jpeg_jpg.rf.cffc3ddb276417d3cdaa22947aee0db0.jpg 901,191,1236,483,0 400,994,866,1266,0 668,991,997,1228,0 1417,287,1535,399,0 627,175,760,234,0 1309,203,1435,255,0
IMG_3155_jpeg_jpg.rf.d1e6db16705ac833db0baa66157b6d9c.jpg 656,988,985,1388,3 864,331,1099,482,0
IMG_2518_jpeg_jpg.rf.d60bdaaf706631f4a1c5afba29deff0f.jpg 674,521,1427,869,4 211,1246,806,1554,4
IMG_2642_jpeg_jpg.rf.d60a2f1e970bbee8fc1f29681005031e.jpg 689,1048,1536,1757,4 684,947,976,1173,6
IMG_8570_jpg.rf.d21fa66016b12c5c3e52c0ee79abdb31.jpg 1171,0,2016,1845,4
IMG_2343_jpeg_jpg.rf.d7861363c2bbf3a3b493ea21de1aed9c.jpg 704,761,868,973,2 489,1298,1034,1503,2 450,720,586,924,2 431,735,493,915,2 1348,919,1457,1032,2 1123,881,1207,993,2 1070,904,1146,1007,2 661,824,720,904,2
IMG_8558_jpg.rf.d4198cc0ffc6edced1e40a8ac4292a81.jpg 3573,1140,4032,1748,0 3505,773,4032,1154,0 3551,1898,4024,2399,0 2468,1634,4002,2828,0 2923,239,3230,540,0 2775,3,3218,238,0 1262,2684,1427,2899,0
IMG_3127_jpeg_jpg.rf.d941b6c6564c1cbdedb4767c11f451f2.jpg 580,1005,945,1247,5 1230,616,1534,834,0 260,895,442,1042,0
IMG_2614_jpeg_jpg.rf.dae316d70110f0e652d0082f2abbb8f4.jpg 109,1538,901,1963,4 797,1267,1087,1471,6 769,102,1063,314,6
IMG_2338_jpeg_jpg.rf.d57a41b260b2c57681f34e3d9baa1f58.jpg 3,1245,1060,1743,2 386,205,1146,425,2
IMG_3156_jpeg_jpg.rf.d910d754da294e8cb4202ced07717da7.jpg 714,577,1066,793,3
IMG_2471_jpeg_jpg.rf.da1875fc6f219b1136ebd34a4ad6e7c1.jpg 385,230,856,682,1 1,1691,253,2002,1 0,589,192,889,1 876,1524,1141,1823,1 1019,1125,1248,1404,1 1024,510,1385,778,1 309,1585,691,1846,1 0,1127,222,1387,1 818,474,1026,720,1 1080,679,1402,872,1
IMG_2363_jpeg_jpg.rf.dc8e6ee9421440ebf509789e4bf8c0a7.jpg 822,1274,1404,1900,5 239,796,1194,1105,0
IMG_2280_jpeg_jpg.rf.dc8cdba3c183ecafc288b7e541e1ae51.jpg 1063,0,1365,205,0 607,1274,949,1460,0 1347,26,1536,211,0 23,124,321,308,0 0,1512,217,1692,0 1115,321,1535,496,0 1291,1863,1535,2037,0 807,1879,1092,2047,0 1028,1747,1278,1910,0 608,117,1059,273,0 325,1145,603,1301,0 1263,1533,1535,1688,0 908,762,1296,916,0 433,1110,827,1264,0 101,344,480,497,0 990,553,1335,705,0 1293,1154,1535,1305,0 707,1467,1055,1617,0 1325,1678,1535,1828,0 880,1294,1120,1444,0 0,1711,132,1858,0 1181,1361,1516,1507,0 364,1856,631,2000,0 642,1533,959,1676,0 539,725,878,862,0 1178,1224,1501,1359,0 919,579,1145,711,0 823,1176,1102,1308,0 656,1698,915,1829,0 1044,853,1390,983,0 987,1592,1260,1722,0 831,0,1083,129,0 0,312,125,441,0 805,396,1152,519,0 0,686,199,810,0 280,478,573,599,0 151,728,379,849,0 771,314,1079,434,0 956,1051,1397,1170,0 508,862,769,979,0 407,1623,733,1738,0 561,591,907,706,0 0,494,76,606,0 249,1764,489,1876,0 105,630,432,740,0 81,954,506,1059,0 1353,868,1535,972,0 643,1934,848,2036,0 0,1172,243,1274,0 150,1425,465,1526,0 0,849,120,943,0 1008,962,1333,1056,0 1381,810,1535,900,0 261,910,545,994,0 1375,1311,1536,1441,0
IMG_2302_jpeg_jpg.rf.dcac099b91137ebd030621d253fe8c3f.jpg 448,989,992,1200,2
IMG_2644_jpeg_jpg.rf.d01e8de7d3613a7aa5ec4075f98b8074.jpg 3,693,1286,1371,4 0,1460,269,1686,6
IMG_2615_jpeg_jpg.rf.c9ea3febd47e961fb3a85c9ff219411b.jpg 92,1374,180,1491,0 518,1402,620,1478,0 642,970,1346,1226,4
IMG_8419_jpg.rf.db902286e936ddaec5c5afa4a709aa98.jpg 749,1425,1879,2313,6 3659,128,3825,388,0 2866,2425,2987,2616,0 774,138,894,302,0 950,212,1064,372,0 3920,1176,3965,1307,0 1310,40,1588,166,0 1281,1050,1361,1170,0 3969,201,4032,316,0 543,208,688,310,0 1264,0,1499,96,0 816,348,884,444,0 3845,1565,4022,1642,0 1592,597,1827,673,0 3312,802,3538,871,0 1469,511,1572,577,0 1423,400,1520,466,0 1524,328,1752,384,0 2158,1266,2307,1318,0 433,491,566,535,0 2086,822,2149,866,0
IMG_2413_jpeg_jpg.rf.d8945ff197025d94570163bf700e3d91.jpg 0,477,1400,1078,0 295,1544,958,1960,0 875,1197,1536,1583,0
IMG_8510_jpg.rf.deb26f3cb2a2f7f5ee7b8da9c3d514a1.jpg 2253,2003,2627,2294,4 2131,2123,2465,2324,4 1964,994,2218,1187,4 2224,1192,2316,1334,0 2364,902,2417,1005,0 2287,1535,2383,1737,0
IMG_8344_jpg.rf.df16bcee6a7b71086e03f3b1ac1fb017.jpg 313,2266,849,3024,0 3277,2,3589,749,0 2740,21,3125,604,0 1246,603,1613,1141,0 1155,1080,1424,1556,0 995,320,1417,684,0 3442,1068,3764,1750,0
IMG_3141_jpeg_jpg.rf.e1865bea076291d54210b2b41d2eed59.jpg 636,1119,1329,1595,3 1337,145,1498,451,3 715,464,823,686,3 441,499,598,690,3 834,501,935,667,3 822,251,950,404,3 145,423,284,576,3 614,264,752,377,3 1254,655,1459,787,3
IMG_8522_jpg.rf.df9ad5a8ab329a03cda6c9174edcd35d.jpg 1715,443,2090,1240,0 1343,1529,1641,2291,0 1818,1358,2415,2103,0 1210,2225,1531,2953,0 1596,2248,1889,2908,0 1883,3,2150,523,0
IMG_2543_jpeg_jpg.rf.db2f063ffc88aab77e18cb30801d5b82.jpg 1012,1424,1232,1697,5 488,1110,698,1322,5 1061,1190,1234,1396,5 323,1313,601,1497,5 570,842,688,951,5 472,748,602,874,5
IMG_2646_jpeg_jpg.rf.e215fb292d61eb8df13e52de3e0fc9ad.jpg 721,999,830,1218,6
IMG_8548_jpg.rf.e15b5d11059451678392657ba76fb646.jpg 2119,678,2549,1061,0 3044,1268,3575,1538,0 1257,2690,1605,2858,0 384,1841,852,2224,0
IMG_8590_MOV-3_jpg.rf.e215fd21f9f69e42089d252c40cc2608.jpg 607,11,973,441,6 224,157,652,549,6 307,1440,531,1695,6 831,598,1080,838,6 700,0,1027,226,1 793,966,919,1078,6 1055,807,1080,919,6 1056,837,1080,916,1 908,152,1080,473,6
IMG_8560_jpg.rf.ca57f9ca6fca8d1cec1127159a9d6a96.jpg 1264,331,2744,2938,0 2270,351,2779,760,0 2619,2128,3101,3024,0
IMG_8581_MOV-4_jpg.rf.e3478b70712b813b058f18075b696342.jpg 0,1097,142,1321,0 268,1189,561,1406,0 515,765,769,965,0 398,474,1080,669,4 116,1058,298,1248,0 305,681,477,870,0 346,911,511,1100,0 882,855,1080,1038,0 667,1287,860,1465,0 853,1303,1032,1481,0 592,969,723,1144,0 300,1023,455,1194,0 550,607,737,767,0 779,806,932,952,0 155,923,305,1066,0 736,1034,909,1175,0 514,1138,663,1275,0 883,1034,1063,1160,0 887,1171,1032,1285,0 947,387,1043,456,0 314,555,389,599,0 1044,305,1080,345,0 192,445,253,485,0 911,263,937,302,0 658,375,711,413,0 849,409,908,442,0 255,111,296,139,0 625,187,666,211,0
IMG_8496_MOV-5_jpg.rf.e506596b14a81f163402407feb0d3767.jpg 0,875,253,1206,0 237,818,901,1048,0 0,1090,670,1307,0
IMG_8430_jpg.rf.e37801edbe000d83962fec0ece7923d4.jpg 1760,964,2311,1845,6 1186,2153,1552,2441,4 3750,2225,3888,2343,0 2229,1933,2273,2039,0 1750,2474,1814,2521,0 1791,2161,1866,2194,0
IMG_2284_jpeg_jpg.rf.e962cdcd4df810f9f4667366f8c533db.jpg 383,747,1230,1262,3 1020,0,1186,274,3 1199,93,1374,267,3
IMG_2628_jpeg_jpg.rf.e580880ff278f0e0efb6e070e5d17a2b.jpg 144,365,1198,1227,6 743,85,1012,239,0 381,77,616,286,0 1181,92,1324,191,0
IMG_3146_jpeg_jpg.rf.e633d8100fb1aeeea30443e3ee06f027.jpg 345,783,1017,1435,3
IMG_2631_jpeg_jpg.rf.e65935b84d4120e2e25e88dcb5aa3edf.jpg 761,1022,1314,1264,6 711,1786,793,2018,0 631,1791,733,1958,0 424,963,686,1106,6 842,1727,904,1835,0 924,1581,975,1666,0 884,1405,980,1459,0
IMG_2287_jpeg_jpg.rf.e9775e20dcfec5d1381ddb576e6b5846.jpg 128,344,1125,1359,3
IMG_2383_jpeg_jpg.rf.e9bbd05155dcac8430a11232df9ec552.jpg 70,1009,789,1690,5 1081,742,1485,1282,5
IMG_8403_jpg.rf.e912e14425654a7c6d0b375dfa5546aa.jpg 468,882,941,1998,6 3204,1403,3612,1784,0 3822,408,3939,768,0 2793,1775,3166,2114,0 1375,1982,1468,2218,0 1137,2007,1211,2213,0 698,2155,757,2333,0 878,2045,925,2189,0 600,2004,782,2145,0 1316,791,1596,2086,4
IMG_2559_jpeg_jpg.rf.f114d312a416a6c02f4cb7e2af0e3cee.jpg 1021,1196,1482,1481,4 593,696,933,961,4 631,1012,878,1245,4 954,245,1220,391,0 253,176,492,307,0 490,1254,851,1360,4 206,306,450,395,0 0,207,160,293,0 0,362,109,444,0 0,204,208,263,0 0,91,171,185,0
IMG_3128_jpeg_jpg.rf.e9a838d9ac7a0ad4d8eb61966061d0d8.jpg 573,836,1063,1321,5 848,386,1262,584,0
IMG_8593_MOV-0_jpg.rf.e6779a426cee60475ab2c08d79cef7c0.jpg 498,1574,704,1793,1 559,582,716,746,1 685,1748,838,1883,1 849,567,968,699,1 39,898,141,1008,1 624,437,735,536,1 703,851,809,943,1 343,1529,429,1619,1 0,1221,51,1308,1 439,1178,510,1258,1 465,104,559,180,1 6,1057,86,1118,1 413,353,478,414,1 9,1128,80,1182,1 159,1553,205,1590,1 86,1273,138,1308,1 612,784,675,818,1 513,1377,549,1409,1
IMG_2346_jpeg_jpg.rf.f017e045011cef368fbed65baceaa012.jpg 1043,1181,1160,1347,2 413,1082,479,1197,2 192,1091,260,1202,2 266,1100,312,1199,2 43,1106,162,1204,2 321,1100,360,1196,2 567,1026,657,1119,2 913,945,978,1034,2 105,1079,182,1162,2 495,1040,541,1117,2 45,1049,103,1123,2 1087,951,1150,1014,2 342,1137,419,1196,2 780,1096,841,1146,2 0,1113,41,1151,2 994,1450,1424,1602,2
IMG_8468_jpg.rf.e63c00f9964b58e56100090948af8bac.jpg 1363,689,1898,1588,0 2088,6,2405,629,0 1437,1734,1985,2358,0
IMG_8500_jpg.rf.e3d24d34a158a2f9dc3d22104a051976.jpg 1928,111,2648,555,0 610,2612,907,2718,0
IMG_2326_jpeg_jpg.rf.f3797a5272765c1a1c74175d807fee8d.jpg 0,896,51,1074,2 1047,994,1139,1150,2 857,1018,960,1161,2 1166,1011,1256,1154,2 678,1011,767,1137,2 172,1352,429,1473,2 411,969,486,1083,2 201,977,271,1090,2 341,989,426,1101,2 1316,967,1392,1079,2 595,1025,691,1135,2 554,1340,894,1427,2 1415,941,1490,1024,2 138,993,199,1071,2 299,1014,366,1087,2 267,1015,302,1073,2 63,1018,112,1072,2 461,1047,553,1089,2 1439,836,1489,910,2
IMG_2571_jpeg_jpg.rf.e79bd76a7f69fd85621fbb74fdc90394.jpg 321,1016,805,1250,6 248,612,434,769,0 0,626,243,783,0
IMG_2295_jpeg_jpg.rf.f339b5fe7a5e3eea3ca3f4c7fcce4f82.jpg 690,861,1156,1066,3
IMG_3132_jpeg_jpg.rf.e53e7d2d2def8d1c9c91882967ee1ac6.jpg 539,517,680,759,3
IMG_8580_jpg.rf.f0c62dca90e927a566221af1253fc08d.jpg 1967,430,2306,905,0 2235,460,2503,924,0 2568,1027,2958,1465,0 1758,0,2136,430,0 27,1795,189,2197,0 2175,2203,2603,2600,0 1988,1348,2327,1725,0 3172,1021,3403,1396,0 2172,1092,2459,1465,0 1359,2185,1536,2550,0 1792,534,2026,899,0 2501,716,2781,1081,0 2314,953,2680,1311,0 1049,1817,1205,2168,0 1792,1176,2099,1490,0 999,957,1153,1230,0 857,1525,981,1797,0 1233,1123,1347,1394,0 1274,1720,1393,1990,0 531,1530,640,1789,0 2191,1507,2490,1761,0 2333,1751,2538,1999,0 1230,801,1375,1039,0 1314,1987,1429,2222,0 608,1207,729,1435,0 835,1227,945,1437,0 1717,410,1890,608,0 1381,629,1479,821,0 176,1446,264,1638,0 1171,1503,1273,1683,0 1275,1520,1409,1699,0 1489,883,1668,1032,0 1841,2062,1922,2204,0 1904,2569,1989,2707,0 1621,2583,1736,2720,0 1580,691,1710,822,0 789,420,864,551,0 2015,2175,2089,2306,0 747,0,838,118,0 3168,1827,3380,1942,0 1784,2190,1823,2302,0 1666,2469,1736,2575,0 1833,2278,1886,2379,0 1059,546,1115,640,0 866,482,974,570,0 796,309,908,397,0 859,628,906,706,0 1737,2219,1785,2297,0 681,625,765,702,0 1031,201,1101,272,0 1154,417,1234,486,0 1241,388,1294,445,0 3799,2381,3803,2385,0 1299,1126,1567,2083,6
IMG_2336_jpeg_jpg.rf.f0bd7c3eee67a9521a13976b61bf9a74.jpg 247,542,400,766,2 233,566,298,753,2 1154,703,1250,865,2 1343,718,1438,860,2 1451,741,1536,855,2 915,738,967,850,2 448,1041,769,1144,2 941,723,1022,826,2 876,742,926,843,2 600,677,699,774,2 484,667,555,757,2 664,698,728,778,2 562,706,629,781,2
IMG_8471_jpg.rf.ef66b1b0c92da0f6cf8f14bf8082844b.jpg 1183,672,2478,2613,0 459,1263,1296,2810,0 94,1724,676,2630,0
IMG_2285_jpeg_jpg.rf.f0e3a62b8ed8651386c643ef10419ab1.jpg 381,616,629,938,3 220,634,366,924,3 769,680,1105,1080,3
IMG_3121_jpeg_jpg.rf.e499e16b2928a2b17d818ba3012ac10c.jpg 254,731,1064,1396,5 0,488,380,668,5
IMG_8536_jpg.rf.e535edef0dae4d8c43b24382e7829183.jpg 1777,1736,2770,2759,0 1048,2,1419,665,0 2712,214,2964,785,0 87,0,339,229,0
IMG_2351_jpeg_jpg.rf.f3aa02657aa4793d4c21dcf6f0b00420.jpg 0,584,716,991,2 684,909,1225,1032,2
IMG_2275_jpeg_jpg.rf.f4762f03b3e9c9b4de86823b6e82abb6.jpg 0,1402,462,1707,0 116,915,1009,1215,0 1161,2,1536,284,0 1033,648,1536,895,0 1091,904,1536,1141,0 0,1187,248,1415,0 0,0,115,199,0 789,1791,1535,2048,0
IMG_8517_MOV-1_jpg.rf.f60c356b6c4b039a86baf03b5dce1a0b.jpg 332,452,699,734,0 1678,70,1920,328,0 690,463,911,615,0 1629,106,1796,257,0 1284,310,1467,454,0 1238,547,1362,799,0
IMG_8497_MOV-1_jpg.rf.fbe55d9df52f784cf6e0dc95f0b37b1a.jpg 158,1014,392,1178,0 77,1509,158,1652,0 677,68,863,160,0 800,220,926,308,0 661,368,803,492,0 834,473,1008,548,0 172,653,330,729,0 764,824,836,959,0 247,849,571,988,0 281,752,340,876,0
IMG_8572_MOV-2_jpg.rf.f8d691919dbc45e04e43ca8b1bc3fbc9.jpg 0,880,1080,1733,4
IMG_2648_jpeg_jpg.rf.f3e1da9e24d50dad8a2bf89b7a442796.jpg 891,965,1279,1231,6 460,943,722,1118,6
IMG_8413_jpg.rf.f69ba92d791d88bc232fd82a400555bd.jpg 756,1043,1009,1407,0 1302,1745,1472,2106,0 180,1974,345,2254,0 3075,1253,3308,1511,0 3404,0,3706,201,0 3365,550,3665,676,0 3140,770,3460,892,0 1078,2116,1258,2201,0 1811,542,2551,2573,4
IMG_8598_jpg.rf.f650bd48a6cb6f1580188ae1ef455422.jpg 2103,1153,2223,1288,1 2153,1101,2284,1229,1 1947,814,2073,921,1 1537,1055,1671,1173,1 1889,1192,2057,1338,1 1639,1805,1734,1906,1 1612,2248,1718,2337,1 1130,2115,1237,2214,1
IMG_8591_MOV-0_jpg.rf.f672138122bb55bc624abc9996a215dd.jpg 284,483,390,608,1 375,607,484,712,1 711,537,833,631,1 704,1269,795,1358,1 638,659,771,747,1 131,840,219,928,1 511,142,624,228,1 948,305,1076,389,1 83,572,177,655,1 630,532,702,614,1 876,1219,950,1301,1 824,1504,922,1584,1 69,1122,173,1197,1 70,1028,171,1101,1 271,1802,331,1873,1 463,1633,531,1701,1 359,392,447,458,1 1001,1352,1041,1418,1 949,1429,996,1495,1 1054,380,1080,445,1 968,563,1044,627,1 388,953,468,1011,1 573,796,659,853,1 563,1865,657,1920,1 18,757,132,805,1 444,0,531,27,1
IMG_3177_jpeg_jpg.rf.f49ac7fba9a19c6be33c9985524fc626.jpg 753,857,1367,1163,2 1043,640,1144,777,2 1250,643,1332,774,2 728,733,817,839,2 1633,605,1709,711,2 1184,672,1248,767,2 937,697,1010,791,2 918,699,966,780,2 1504,651,1553,731,2 1486,640,1535,714,2 1377,694,1404,751,2 1414,698,1463,745,2 1673,564,1724,640,2
IMG_2578_jpeg_jpg.rf.f78d4b46c469c17100fc19a572c7f436.jpg 371,1084,829,1326,6 67,8,447,217,4 1303,667,1535,771,6 999,26,1245,124,0
IMG_2361_jpeg_jpg.rf.f9d07954356ea458058fa89d8406fa8d.jpg 397,849,1080,1553,0
IMG_2372_jpeg_jpg.rf.fafbb5375749a8e39107b2c4a14889e3.jpg 568,892,1242,1476,0 884,1499,1534,2030,0
IMG_2410_jpeg_jpg.rf.f6dcf8d19e8bfc59f84c75023a81bece.jpg 756,999,1110,1328,0 1224,294,1393,396,0
IMG_8571_MOV-1_jpg.rf.f93bb638b2f8e7fad4283cf1153bed7a.jpg 46,551,1080,991,4
IMG_8517_MOV-5_jpg.rf.fa992a8d3f9af57ddc5d61eac503ae24.jpg 1176,674,1598,1033,0 1382,103,1662,302,0 125,892,429,1080,0 1264,4,1441,185,0 283,408,505,575,0 72,317,232,481,0
IMG_8512_MOV-4_jpg.rf.fa478a9eabd4c6319738d740c4751f4a.jpg 1326,346,1804,524,0
IMG_2308_jpeg_jpg.rf.fa03adccb4ba923a629ab352b9a4051b.jpg 155,801,1179,1448,2
IMG_2291_jpeg_jpg.rf.f99ae59b4503917f86d03451095af8e2.jpg 433,487,1475,1032,3
IMG_2360_jpeg_jpg.rf.fc0e83f4c45d73d0bd9816ec76dfe110.jpg 315,877,732,1294,0 539,1413,1172,1814,0 176,1348,447,1543,0 266,607,648,776,0
IMG_3181_jpeg_jpg.rf.f7c9d6e2c0d13ce317fa13053ac7150f.jpg 123,1014,727,1377,5 838,1005,1356,1380,5
IMG_8411_jpg.rf.fa24c1f625b57b7f8d58fd2d6d998044.jpg 1366,700,2247,2344,4 21,2542,333,2717,0
IMG_8546_jpg.rf.f7a28b08853f442838a41a4fcdce924d.jpg 1530,501,1966,1069,0 2601,711,3293,1237,0 1626,2452,2061,2969,0 23,229,307,706,0 1508,1172,1796,1587,0 2473,2581,2877,2897,0 1115,2485,1766,2794,0 380,2713,714,3022,0 635,2659,890,2968,0 137,2027,307,2309,0 1222,1157,1410,1407,0 178,1110,368,1305,0 172,0,372,171,0